490
8
0 300 350 430 328 135 224 409
945
176 423
366 377
58 350
417 461
195 248
254 373
94 241
310 387
210 480
45 480
113 142
227 231
9 387
21 66
307 311
302 380
13 14
90 304
243 244
83 402
9 467
146 158
174 273
179 356
70 71
328 332
306 315
229 335
246 249
25 351
45 257
312 313
7 419
339 344
103 329
69 85
92 170
28 29
103 220
234 258
112 134
43 152
312 329
237 241
93 132
297 349
161 167
201 439
194 249
275 345
183 299
216 330
166 169
337 481
241 255
46 442
25 300
146 150
36 420
15 363
91 301
322 429
370 455
33 446
387 467
211 216
8 482
100 154
382 393
119 333
27 428
131 476
0 261
265 270
361 402
178 191
97 330
97 242
23 208
252 402
125 455
31 32
252 447
404 438
433 435
74 155
33 105
347 459
21 457
263 345
34 123
127 192
257 480
389 398
1 143
219 242
30 76
222 431
194 221
74 181
70 133
239 298
288 357
84 445
322 323
79 113
95 386
246 248
56 182
33 448
230 253
77 157
181 264
432 447
88 89
186 478
201 272
196 233
93 170
198 461
86 479
120 171
50 381
175 452
311 316
27 351
220 382
227 280
184 335
8 437
297 346
171 437
236 470
120 324
282 412
401 418
298 306
48 51
9 62
376 455
178 305
255 265
376 446
213 297
316 318
183 457
73 116
5 99
186 188
42 431
440 454
274 278
159 161
87 277
400 402
236 258
11 78
425 433
239 299
318 319
199 245
49 156
349 480
42 69
348 371
444 445
132 400
3 96
114 218
14 385
124 125
343 372
150 304
22 399
21 450
145 220
83 300
183 422
200 455
36 304
97 219
279 470
85 208
298 407
58 63
140 200
23 300
227 238
32 127
287 466
321 431
258 262
368 390
375 391
459 460
78 81
303 317
153 164
241 414
184 229
309 453
246 369
2 419
66 409
69 279
90 99
62 378
52 172
207 212
27 429
61 228
30 137
59 63
346 349
0 358
146 147
327 446
265 428
398 480
220 331
450 461
145 329
230 335
191 305
37 322
213 349
4 55
70 76
203 233
278 293
88 114
49 57
274 454
291 474
5 468
94 272
71 133
13 215
50 157
77 80
370 443
368 445
320 378
25 27
256 280
51 283
104 193
274 293
131 281
339 353
94 277
133 137
121 130
94 436
225 282
45 349
169 262
141 254
217 481
171 408
154 447
243 263
248 408
278 409
6 12
64 66
238 280
87 296
185 188
426 429
4 154
252 479
406 443
168 174
247 275
15 419
80 456
29 415
53 74
9 306
75 109
131 337
28 276
204 416
237 272
190 191
90 271
184 380
52 53
93 212
430 437
71 410
271 350
148 249
26 85
64 198
43 166
210 213
108 273
204 206
67 403
25 208
434 467
36 38
95 240
254 338
421 427
304 420
292 418
428 435
417 437
27 208
48 283
59 378
197 245
123 332
358 364
351 429
191 194
223 373
81 83
327 448
326 328
274 286
55 478
239 385
173 202
261 443
443 473
67 73
154 157
145 424
87 436
9 310
258 470
338 346
224 390
58 60
7 389
237 323
225 460
238 251
238 244
16 52
87 114
184 302
224 368
127 170
181 459
168 325
350 412
446 448
114 229
244 247
203 424
339 341
338 349
26 107
476 481
260 409
196 199
201 442
28 190
127 441
284 294
236 302
14 415
389 392
123 126
279 321
426 433
26 42
102 423
347 378
63 467
203 206
180 225
35 478
241 272
326 332
270 279
134 323
140 268
204 245
7 392
307 352
37 323
380 453
165 447
135 395
87 218
326 388
135 296
309 383
409 457
100 447
183 450
222 234
35 92
161 297
451 454
385 387
104 108
244 263
312 325
203 232
209 235
324 430
77 456
45 338
374 452
16 172
86 92
126 384
99 468
107 400
256 362
229 230
87 88
91 471
11 75
110 131
217 476
59 60
377 379
41 49
335 380
383 453
94 255
158 421
90 412
78 344
443 455
74 471
96 446
232 455
53 285
36 466
394 403
165 353
57 434
22 463
31 170
184 218
267 293
99 350
31 127
283 437
135 470
100 479
117 142
218 296
103 266
309 380
147 466
32 192
271 412
195 215
174 325
119 124
66 457
288 369
396 434
70 137
266 325
72 323
85 279
400 479
384 481
50 80
48 262
103 325
32 166
270 395
260 397
129 225
29 57
353 423
7 140
57 156
418 469
128 162
58 228
25 429
78 109
450 457
180 282
253 335
195 408
118 121
178 221
117 118
392 406
104 136
257 389
107 132
111 192
13 299
341 432
130 138
212 431
295 362
50 423
15 389
238 247
29 101
239 387
147 421
61 156
289 291
151 368
239 310
135 270
107 207
39 333
39 44
135 279
315 413
112 439
185 186
18 53
139 153
213 354
396 467
247 263
411 468
303 391
42 321
234 321
230 465
438 449
226 308
160 236
166 222
203 204
26 207
12 49
277 296
171 430
43 48
154 165
110 174
72 340
397 451
228 350
193 312
19 454
85 265
146 421
306 320
6 49
164 187
160 380
89 334
241 340
78 83
202 209
3 455
37 134
407 457
300 402
251 256
41 101
296 302
390 445
160 258
2 268
223 290
425 426
315 320
275 295
148 369
72 241
418 425
342 343
48 166
322 418
74 91
68 122
226 244
99 304
185 441
292 355
196 284
449 475
81 402
1 5
98 102
14 28
46 89
172 211
110 168
214 483
8 309
205 240
409 464
156 396
163 183
393 394
188 441
31 212
60 180
206 424
251 295
81 252
167 173
250 327
199 203
337 388
60 129
402 472
141 373
211 330
157 223
23 25
58 59
268 327
81 432
192 359
68 281
64 286
159 346
46 436
43 359
9 59
194 248
314 465
110 281
313 352
149 168
99 412
65 177
288 386
35 100
10 261
255 428
19 397
96 196
144 381
92 93
277 395
345 352
2 7
110 326
96 233
76 271
36 146
192 441
413 464
54 70
481 483
112 115
268 376
230 314
314 334
267 274
255 395
40 108
341 344
288 324
95 357
458 463
262 482
3 446
335 453
137 150
30 150
116 182
332 388
82 390
448 451
162 439
137 146
16 53
31 222
293 440
237 439
165 432
462 471
75 344
19 440
242 315
259 342
351 425
180 350
129 459
31 431
18 320
371 375
226 227
152 286
193 273
65 101
47 416
267 360
242 330
303 348
219 413
40 332
111 267
151 227
259 269
44 374
197 308
108 328
272 436
475 477
39 473
55 290
232 233
247 295
428 429
200 376
228 396
23 429
25 472
48 482
272 439
127 185
248 430
407 409
162 201
35 185
170 185
341 353
273 328
351 472
163 239
148 357
235 259
134 418
224 226
4 290
7 15
221 249
46 88
47 206
200 268
135 236
136 311
41 177
48 169
41 57
294 308
114 334
52 242
72 435
17 397
152 274
80 381
418 426
163 407
417 450
136 307
193 325
199 233
245 284
19 278
129 378
321 470
162 442
378 459
258 309
194 195
157 290
54 71
232 424
54 61
68 474
6 71
44 358
61 76
247 251
372 404
122 474
140 406
51 198
329 424
299 385
6 54
82 84
387 415
125 424
369 430
64 278
20 122
1 420
323 340
275 307
206 329
23 26
152 359
320 347
112 162
12 177
31 93
229 334
242 413
305 379
313 329
43 286
194 246
92 132
42 207
160 309
18 347
111 360
62 306
367 474
227 368
21 198
174 328
125 232
337 384
283 461
298 413
245 294
306 310
18 285
190 195
189 477
199 284
8 383
23 361
114 184
106 456
255 414
88 334
152 192
199 204
137 158
152 267
0 398
407 464
131 326
200 443
124 145
18 52
300 472
2 250
276 305
0 392
336 425
187 189
429 433
283 482
229 314
293 446
0 406
262 309
69 321
56 79
52 330
85 270
215 422
51 286
110 289
110 291
115 439
181 285
3 376
138 139
36 150
86 132
210 398
197 416
405 460
2 327
101 276
299 422
65 305
4 100
171 422
402 479
104 307
191 276
18 242
32 359
30 90
72 414
300 361
111 441
163 299
288 430
160 302
169 234
171 417
295 311
407 413
175 354
35 186
149 266
268 446
46 201
103 312
364 398
60 378
281 291
92 185
50 165
179 205
66 278
107 361
31 166
253 453
24 355
226 368
381 456
62 320
10 358
218 302
273 325
365 465
13 190
3 232
224 301
36 147
55 100
322 433
210 364
81 341
19 293
125 370
192 267
414 428
19 260
35 55
37 340
408 422
86 100
208 265
215 408
260 278
237 340
77 223
64 274
163 385
261 406
228 271
3 233
1 36
285 347
252 432
84 487
144 399
