961
32
0 45 628 64 412 634 891 697 771 13 898 383 94 741 599 102 682 315 224 622 665 490 360 184 302 916 121 38 831 917 528 902
1751
81 85
323 353
224 426
585 132
451 689
2 469
453 455
153 154
3 228
3 249
533 537
6 7
553 579
154 710
156 770
462 883
462 782
615 707
539 573
289 291
492 486
420 592
910 782
944 356
35 52
273 202
437 636
372 374
705 918
151 125
425 672
232 236
477 261
352 536
596 657
60 382
430 261
263 321
675 683
432 444
191 745
600 108
529 821
259 265
641 652
174 771
284 299
693 825
494 526
591 470
40 894
707 205
103 110
442 733
725 901
169 772
691 118
230 543
502 124
914 51
188 412
10 17
102 422
517 524
768 735
433 935
325 960
856 837
405 66
695 913
196 197
544 775
429 836
340 273
934 904
307 877
584 161
721 732
264 90
346 343
64 35
79 114
440 444
693 838
327 596
942 772
311 571
557 192
347 348
722 67
348 777
239 306
0 3
284 326
198 217
808 569
504 862
532 902
448 162
287 246
179 936
758 315
806 912
861 875
273 339
678 859
170 741
523 621
673 548
737 496
221 938
324 100
462 890
37 51
953 364
392 846
366 367
531 542
106 23
835 75
941 591
709 813
894 896
821 827
252 281
860 660
933 186
542 581
686 713
225 182
637 640
47 402
682 633
515 517
789 130
527 483
526 435
581 539
485 410
724 889
251 726
528 605
302 307
892 642
742 661
500 255
663 635
316 751
474 471
814 176
283 541
206 613
593 122
380 760
429 365
611 616
143 770
118 154
704 385
821 874
682 886
616 218
239 463
275 190
537 541
307 631
580 129
243 245
865 895
468 54
546 543
605 674
351 946
153 231
554 125
146 147
17 20
147 148
175 181
665 874
765 164
138 632
823 188
912 161
869 870
695 758
804 472
739 679
167 211
379 96
530 637
886 360
298 295
155 189
520 8
159 160
916 954
825 703
549 610
395 415
622 631
755 783
449 762
633 644
24 877
110 98
280 456
7 360
412 435
25 502
520 27
671 177
213 530
523 708
386 389
659 508
430 278
594 597
761 749
899 916
611 218
337 817
178 308
922 300
223 436
538 480
643 308
18 867
756 607
646 936
928 887
408 465
867 872
908 910
116 120
785 133
60 848
183 184
436 807
184 939
841 25
440 939
225 232
224 639
420 424
94 950
338 350
104 749
490 877
731 935
414 640
553 797
190 399
101 835
553 882
557 334
832 127
34 29
628 331
411 500
863 828
331 614
321 324
75 80
732 734
668 249
58 28
817 941
882 955
812 624
211 732
61 203
512 288
265 401
175 233
609 185
572 730
141 95
456 937
229 277
729 461
25 810
412 417
162 923
541 327
134 353
187 56
730 901
208 406
70 357
498 501
773 223
245 662
499 638
530 414
214 215
951 632
916 679
597 312
198 427
302 510
676 185
626 437
942 806
190 198
299 324
478 467
62 944
225 254
452 139
427 259
827 910
951 652
631 24
734 286
913 918
187 607
595 565
196 535
627 653
842 817
310 352
560 826
94 698
407 737
236 727
166 651
913 112
896 898
333 338
723 725
342 774
682 860
798 28
416 472
433 10
91 800
74 53
93 94
890 479
604 207
836 421
136 140
525 368
532 490
187 784
573 622
376 566
53 896
773 754
458 459
503 534
105 115
739 511
766 768
728 716
255 42
466 476
891 421
557 630
737 743
292 832
181 233
934 438
465 511
506 507
589 613
361 347
237 258
222 464
160 117
185 187
828 838
160 396
951 955
488 491
148 151
310 700
858 701
775 841
813 824
427 217
265 217
593 598
20 361
275 276
196 226
831 288
456 853
789 722
720 722
596 533
397 217
917 91
29 555
15 765
569 858
171 120
60 17
646 648
763 796
326 434
948 677
727 232
909 911
831 158
928 790
887 419
45 73
92 93
143 297
164 382
575 852
855 690
192 334
816 891
891 364
639 450
615 847
514 85
322 334
291 292
547 355
193 431
280 866
45 176
846 143
400 411
851 119
353 931
294 295
22 33
807 450
289 262
18 814
125 581
101 92
550 144
622 257
696 711
107 108
841 697
427 445
289 475
733 776
300 510
389 415
247 140
227 213
173 718
945 211
348 780
668 230
418 810
293 613
717 724
840 416
761 489
792 56
544 545
447 482
439 242
666 680
637 437
111 201
387 870
113 478
70 940
558 560
314 315
70 353
192 322
582 272
580 587
316 317
740 741
869 763
601 958
858 863
109 602
338 869
405 887
764 767
738 104
553 641
77 950
200 210
820 823
362 402
788 599
850 951
372 98
259 274
869 344
806 772
927 921
788 932
750 930
168 170
803 787
416 54
677 536
923 672
654 349
60 164
14 60
336 337
11 801
649 439
818 950
65 83
903 300
279 500
564 570
428 385
341 337
680 682
257 277
414 227
886 7
601 540
544 274
155 125
882 875
711 268
221 502
590 802
812 68
752 143
854 861
558 443
525 706
320 879
920 921
874 827
802 895
925 71
431 765
803 794
527 542
123 303
947 711
509 638
313 544
291 475
226 516
40 749
383 160
648 650
26 398
540 228
241 301
294 558
419 599
47 33
370 563
719 150
93 77
763 809
884 413
252 625
750 804
375 715
615 137
802 473
657 1
468 472
64 193
130 549
209 716
383 384
23 195
313 26
390 942
384 391
171 181
255 445
326 271
121 662
407 935
73 901
931 940
680 23
20 671
299 326
257 210
448 425
10 14
487 320
542 674
731 766
838 701
473 801
208 945
141 645
618 627
4 815
743 496
830 760
687 72
827 873
263 316
784 829
377 386
432 221
280 937
866 762
15 164
527 531
118 107
579 649
705 162
261 272
937 879
101 78
352 643
797 882
706 98
383 376
517 638
593 609
8 583
341 50
363 175
399 198
627 792
281 387
755 217
919 381
875 955
386 213
108 199
510 490
644 860
496 787
842 50
121 256
482 126
376 379
152 903
578 878
751 758
759 111
269 406
566 81
255 25
796 72
332 94
393 357
659 644
899 679
957 317
414 637
949 789
684 839
782 827
424 746
666 667
527 674
452 462
667 668
91 88
153 710
271 341
600 694
898 48
634 636
503 505
308 830
578 867
854 856
435 494
370 375
141 610
459 457
567 536
226 521
336 356
397 410
154 108
799 941
551 274
796 338
709 163
403 365
259 19
243 798
342 408
448 163
394 738
88 857
606 598
604 814
935 716
944 591
192 212
499 508
805 717
330 38
25 26
119 615
942 949
490 504
608 611
35 144
603 791
495 669
665 890
500 276
533 1
836 953
99 133
417 494
602 613
157 732
498 499
669 140
189 742
650 104
26 285
833 158
146 219
439 769
412 663
652 355
65 115
728 731
471 2
665 483
622 605
221 398
568 948
623 626
653 635
762 68
193 416
508 509
535 226
149 136
284 263
856 790
103 954
675 755
311 370
465 241
278 908
752 921
952 953
778 687
601 228
407 433
781 72
115 50
216 267
455 811
519 818
430 447
339 300
328 21
131 447
632 652
855 899
858 808
212 179
608 824
586 522
274 19
474 0
511 241
925 540
555 520
759 201
693 695
830 564
382 914
331 345
771 250
780 776
104 394
192 630
280 871
417 420
174 79
148 661
562 653
749 5
417 56
512 318
940 357
683 930
214 692
292 551
853 888
756 417
692 167
193 834
61 844
786 673
815 59
133 548
776 777
853 690
776 404
460 852
926 212
953 956
707 714
956 958
831 290
622 681
785 99
889 897
786 158
168 848
567 568
168 382
743 735
568 569
149 215
92 197
603 438
208 479
151 554
785 786
893 917
675 32
253 401
650 738
132 908
48 894
374 566
456 467
230 249
143 746
547 319
176 719
64 99
133 144
212 723
665 528
120 228
113 488
928 884
426 450
244 285
562 792
22 815
409 669
91 92
855 369
41 527
541 547
808 839
350 373
341 65
181 116
490 152
316 315
783 485
132 278
54 64
368 372
434 278
727 90
329 497
173 829
193 765
421 423
475 551
149 371
619 359
18 759
756 592
720 67
312 594
248 102
134 241
464 9
678 425
376 618
733 786
330 21
260 246
833 831
952 363
339 302
236 37
296 498
356 97
861 868
491 819
66 69
851 947
49 358
746 752
757 772
247 32
567 27
750 840
636 637
548 785
262 267
853 651
32 37
876 305
864 852
309 313
831 826
595 577
8 13
486 907
849 850
631 528
849 726
34 46
880 308
560 443
906 909
660 94
14 258
539 542
670 593
814 201
459 460
655 888
712 384
800 226
12 6
419 595
129 135
920 598
265 551
537 799
664 658
837 861
151 155
326 328
141 722
567 948
800 469
519 78
778 5
256 260
76 857
286 260
631 681
215 136
774 739
761 394
619 623
457 458
872 878
634 530
405 119
155 584
713 688
223 333
884 887
305 309
253 267
13 165
112 751
857 893
776 786
161 604
645 647
53 492
545 775
933 57
938 183
504 902
275 409
20 433
151 742
458 522
507 550
178 204
208 214
495 140
403 429
237 848
824 828
19 42
345 497
761 5
807 461
57 123
701 702
863 608
354 395
702 703
703 315
812 818
131 482
375 713
580 105
303 933
689 112
588 538
523 590
824 218
919 920
600 710
885 152
189 806
834 765
300 302
245 256
352 567
220 223
349 658
255 810
719 720
81 101
881 212
574 661
436 557
639 373
216 253
96 98
292 475
919 746
941 944
724 897
235 304
123 252
463 6
336 941
77 78
321 299
589 602
604 18
78 85
574 189
729 730
729 901
469 88
712 744
110 113
340 672
665 821
268 707
87 84
630 220
135 138
0 2
286 335
288 548
293 128
807 334
315 688
587 614
820 393
755 198
318 443
566 85
167 266
399 427
602 954
857 91
224 625
495 675
748 749
862 126
103 109
276 279
556 421
768 805
293 301
300 340
225 914
190 669
143 392
8 165
626 629
723 39
696 947
145 627
514 519
126 131
484 476
874 890
275 661
71 518
145 173
43 747
916 369
307 200
532 877
495 198
568 583
836 365
891 904
479 41
246 264
937 866
829 915
272 689
474 540
105 767
902 821
677 685
948 808
467 690
210 229
390 806
531 269
479 483
773 489
833 826
68 871
229 270
491 110
252 426
379 89
556 55
282 303
634 629
508 644
161 757
314 311
375 380
147 554
883 945
197 800
603 925
155 161
590 358
584 604
499 644
611 312
460 466
885 913
303 166
225 90
390 400
572 150
19 697
728 768
126 585
308 310
344 350
129 691
369 478
760 779
537 283
937 938
350 224
923 448
721 782
741 237
349 343
317 321
254 168
459 852
524 515
824 838
568 552
711 691
712 84
135 66
230 680
13 594
653 663
473 480
726 790
809 865
268 153
809 870
433 716
957 321
209 844
289 534
89 653
688 314
121 222
873 585
244 398
836 891
634 354
219 142
762 871
692 371
366 868
239 240
450 461
298 620
104 748
599 615
12 22
27 555
283 547
307 24
724 768
5 48
347 787
805 565
114 798
4 59
548 550
4 12
576 936
477 447
414 576
296 298
189 390
98 103
595 413
850 632
526 56
328 16
572 722
186 899
135 696
34 567
539 578
131 430
301 323
731 735
184 444
907 864
290 443
290 318
219 406
607 609
238 136
309 285
81 84
169 207
170 172
345 764
602 679
305 515
886 620
478 488
184 95
292 544
854 822
386 351
926 936
227 234
131 132
140 142
466 586
134 70
835 892
138 587
689 582
799 842
702 686
240 306
900 898
295 512
827 902
169 176
483 528
362 363
906 900
746 392
410 468
209 14
587 764
194 546
784 792
895 82
491 525
197 226
952 836
196 667
721 883
760 564
752 770
277 377
353 301
474 71
513 612
656 128
785 442
424 188
160 145
922 923
202 415
842 533
35 133
646 640
534 501
109 206
82 763
6 239
929 300
615 932
303 647
111 39
843 845
245 114
354 213
161 169
403 952
561 294
926 646
152 441
831 786
80 81
269 554
402 403
769 868
774 924
82 687
842 337
544 697
559 556
366 837
960 812
547 628
248 907
654 957
311 343
600 222
616 859
409 617
748 648
267 551
651 655
848 382
959 957
125 269
169 720
272 454
428 429
181 194
21 30
178 235
440 400
38 43
876 487
61 741
647 610
43 44
325 659
313 285
207 161
683 783
541 331
45 719
788 565
307 681
265 274
628 632
958 171
153 203
655 166
693 918
397 401
446 482
313 545
730 645
625 344
326 86
296 633
324 326
614 628
362 106
725 729
89 96
39 45
778 781
248 492
220 754
229 415
845 884
668 535
547 513
446 152
387 481
694 740
513 652
142 409
511 293
481 408
4 106
466 852
320 305
942 95
329 657
663 656
282 426
238 247
455 457
737 347
177 780
910 250
79 28
484 486
84 75
813 705
885 903
550 262
735 737
807 639
743 793
843 884
520 552
616 619
106 360
441 451
270 273
734 79
896 900
99 431
259 445
334 729
876 449
361 177
757 806
754 761
240 33
878 257
227 351
781 489
517 832
171 952
561 306
569 863
339 340
870 865
134 465
592 381
231 268
69 928
236 238
553 955
863 583
788 615
608 597
862 873
888 183
171 175
172 182
279 411
668 0
294 318
69 726
279 574
260 222
684 686
846 358
342 57
430 434
289 267
341 771
34 36
600 740
12 360
434 284
517 63
165 191
898 588
186 651
561 463
441 446
357 412
546 195
446 447
138 849
446 454
115 243
536 643
118 580
804 840
449 487
604 578
432 183
451 454
949 772
892 893
407 20
215 219
501 503
709 218
949 67
462 721
686 688
150 901
221 183
952 365
958 438
323 128
910 771
678 395
693 705
490 482
504 482
856 726
47 59
94 960
784 56
924 933
298 507
654 658
232 371
80 835
130 141
340 922
366 845
633 620
528 529
705 709
234 576
690 478
874 782
51 930
525 514
313 841
957 324
771 58
505 506
533 799
377 872
383 396
310 643
418 255
348 787
219 136
714 209
550 133
702 684
562 526
514 368
685 564
31 49
601 603
908 585
735 766
399 500
956 904
49 801
328 330
844 258
395 389
500 275
73 723
377 946
881 926
688 943
573 674
859 629
823 846
579 641
385 402
837 843
473 590
277 389
205 203
553 951
271 278
720 772
200 339
596 537
574 400
194 543
899 924
719 73
945 692
225 236
216 262
289 550
712 566
685 643
269 581
736 671
728 932
374 379
529 532
354 389
754 394
565 717
797 649
820 590
513 579
637 648
264 266
205 231
266 287
283 180
424 381
96 635
253 410
174 58
268 847
788 805
286 287
388 712
418 440
164 834
203 740
38 337
384 396
155 912
378 506
778 48
94 818
142 146
296 503
95 130
373 436
694 464
832 501
513 355
195 233
666 860
683 51
322 725
458 586
558 306
887 413
116 249
284 582
714 716
914 254
499 832
388 396
733 736
364 904
624 519
192 881
544 841
511 589
484 894
905 522
756 56
174 250
582 751
830 643
790 843
960 449
561 620
15 17
1 50
202 678
157 211
750 795
662 256
748 40
52 216
380 839
397 783
656 293
317 654
418 444
477 430
52 54
89 618
736 765
373 333
359 312
235 699
162 163
813 838
669 198
509 876
866 879
509 325
706 110
325 332
938 244
509 524
623 359
853 855
27 29
452 208
855 651
358 473
621 708
454 477
549 184
524 305
411 418
816 556
931 323
472 485
432 502
461 282
361 407
72 82
507 512
45 201
431 442
692 149
502 810
148 554
40 48
701 825
172 741
76 471
803 777
799 591
325 644
497 657
624 819
281 625
759 946
332 660
676 173
322 212
320 285
897 717
61 237
592 593
105 107
819 514
960 68
206 663
75 76
481 393
41 208
200 270
270 210
179 111
157 167
178 310
306 560
336 38
708 802
769 753
580 767
581 584
390 939
259 42
169 757
493 481
676 784
493 621
523 493
523 820
847 851
102 864
831 673
35 99
384 388
917 835
182 254
179 234
247 495
481 281
480 801
238 371
628 355
327 329
329 331
69 405
552 567
