7858
32
0 5281 4865 7857 4367 379 7525 3016 7727 3378 4391 4510 1601 687 2734 3375 2197 1731 3097 3652 5403 7213 733 5625 7294 7488 5929 6649 6524 4603 2216 5864
10000
952 2909
6394 6447
6776 6790
1358 5149
1573 1604
7522 7528
2 6198
1345 2203
3 4069
3 4082
4494 4739
6 7
6690 6707
535 538
6 6579
151 174
2797 3714
5978 5979
82 5756
5344 5371
1549 1811
398 600
5750 7522
2913 2927
2736 7282
4251 7493
539 542
4251 7531
7389 7393
5110 6598
18 2626
3376 3411
2736 4839
5418 5431
543 545
81 5525
5418 7649
1792 3481
6917 7635
4981 4990
1494 1497
4123 4150
3051 4271
3062 4338
2677 7033
5994 6000
3919 6934
2845 2873
3120 3156
2453 2507
7757 7784
6566 6605
7082 7854
312 3828
706 5295
1619 3526
3317 3320
239 549
4914 7324
6985 6986
2504 3711
1798 1824
415 472
5991 5992
1514 3538
5992 5993
1174 1253
2301 7058
4689 4846
5993 5994
53 1018
4436 4598
549 551
527 5858
281 286
858 1471
385 3874
5994 6464
2367 3147
1332 3445
3999 4773
5782 6947
2486 4426
5124 6213
5582 5600
585 4823
2578 3714
39 46
40 61
5765 5772
6570 6574
2367 3187
3152 6595
7 4501
4924 5009
3599 3806
984 1364
24 6162
48 51
48 6341
6 3985
2464 3959
2434 2579
332 5908
239 559
6004 6698
645 6807
3597 5614
1002 1007
2503 4104
6441 7088
2328 4397
6036 6483
4610 4630
6006 6007
542 3378
158 225
97 98
2053 5565
98 99
5248 6877
5263 5287
2548 2552
2845 4478
415 3646
198 712
551 573
1903 2248
4065 4066
5578 6737
6258 6643
573 577
1643 5387
412 832
3988 4003
4488 5185
4839 4844
1771 7177
6018 6019
1310 4129
3922 4508
7817 7818
3964 4890
1107 2978
3973 4016
7444 7454
5434 5455
7277 7593
4510 5692
2566 6108
3917 7163
2564 4840
2933 3313
678 6505
22 2303
2897 6979
7508 7553
2222 3627
6539 6933
104 121
308 587
1807 7144
1187 7155
6001 6019
587 591
581 7641
7447 7475
24 2386
26 27
1233 1276
135 4316
1400 4063
3457 6722
5932 6371
2478 6850
1910 1912
1244 6913
149 150
72 5865
149 2573
6847 6856
593 596
4245 4318
2382 2394
27 2332
1782 3834
5368 5406
154 273
154 2813
299 3688
3133 3959
2600 5610
2003 6669
2585 2846
4188 5947
5086 7559
7394 7643
2757 2900
5559 5717
1841 6797
6327 6337
7717 7755
3343 3349
5367 5712
166 167
599 608
460 1863
32 33
4915 4936
5512 5521
169 170
2379 2912
137 191
7029 7033
1112 4191
851 5377
172 173
1188 7797
867 4329
173 238
4262 5766
625 5866
1527 3895
2205 2223
4705 4741
713 4124
5885 6867
2255 7427
396 5453
6047 6048
179 4162
2999 3794
1713 1767
4819 4826
2249 2254
1974 3607
609 615
552 608
6051 6162
1002 7012
42 45
187 188
2042 2059
188 189
1089 1386
4214 4221
6150 6658
1184 7797
2462 2463
6246 6255
45 6478
2883 2888
193 7252
6260 6261
3451 6534
3222 3251
6056 6057
5263 7683
2429 2581
4225 4229
1246 5285
1605 5460
3372 3588
5244 5313
1885 1922
1253 1296
5909 5964
3712 7660
203 204
1279 3546
903 4633
3419 3999
204 4458
1568 7500
2768 5776
207 208
173 4713
3503 4934
5051 5053
307 1095
1811 2009
1893 5773
1638 4240
5843 5988
214 215
3982 3989
1348 4765
215 2695
2217 2243
3499 6148
1582 6465
6580 6609
3464 3469
7441 7448
4396 5686
218 1457
222 4548
6287 6880
3938 7833
6069 6070
2860 2974
6070 6071
228 229
228 3369
228 5915
126 1507
1842 1849
4998 6513
4490 4850
2652 5928
5066 5098
2728 3988
5256 6575
234 4423
2771 7357
4404 4757
1246 4970
1601 4355
238 7712
1044 1045
239 240
60 4480
1130 1230
5478 5481
6542 7235
798 7207
6205 7170
7330 7422
2213 2215
242 243
242 3499
4334 6937
3189 7511
2366 2378
680 685
245 246
499 6296
246 247
4431 4448
247 248
813 7355
3491 7161
836 5007
2152 3166
3085 3116
1297 3892
2600 2611
6080 6081
6081 6082
6081 6101
3401 3405
6082 6083
4490 4492
4317 4955
2247 6993
4179 5792
257 552
257 553
5810 6319
657 659
2738 5676
4947 5590
569 4400
6671 6672
6426 7855
694 2442
7717 7732
6087 6089
259 6339
663 4622
4537 6524
2096 5696
7003 7138
3174 7583
67 68
2358 2366
100 1523
747 4757
4143 4145
2856 3134
2738 5660
1045 4295
3813 5774
1338 5023
7501 7836
3047 3637
7723 7724
457 6109
7485 7801
6108 6112
220 1457
82 107
3253 5334
5656 5658
6867 7001
286 287
4533 7442
4798 6753
1181 3475
1187 6617
2045 7273
2306 6101
4671 7346
4047 4049
289 293
2130 2142
2514 2559
867 5827
4603 4607
1541 3799
296 297
1585 4440
296 632
297 298
7553 7572
2477 7796
6156 6229
5266 5400
300 301
4212 4219
301 302
3965 3987
1717 6203
394 407
1774 3231
618 692
79 3733
3931 3941
4253 4258
2720 6590
352 1258
1960 4872
203 5314
657 1693
1531 5903
1288 4310
3886 5494
308 3559
531 534
370 7704
1657 4327
3021 3025
4850 5001
4931 5086
6119 6120
1359 3923
2577 7518
2186 5732
1359 6070
150 6235
2276 2283
1669 1693
3066 3071
5092 5103
4068 4071
324 3616
685 688
1422 5095
5712 5834
2098 5528
4114 4701
2037 2042
3181 3210
3572 7353
2535 5030
7225 7227
6063 6079
331 332
185 1605
7140 7149
5636 5664
302 4055
5440 7011
334 335
334 617
334 5985
1316 4203
3373 3375
5827 6029
3903 4213
337 7718
337 610
337 7708
338 339
338 2456
2540 6667
1104 3623
339 340
2932 3036
3789 3795
340 341
5700 7099
4153 4174
341 342
341 3450
341 3401
7848 7852
342 2448
770 7829
343 344
5776 5808
2463 2464
344 2481
1316 1325
345 346
5819 7482
6499 6501
346 347
346 4635
347 348
5742 5759
1649 4886
5031 6057
2647 6194
349 1299
1565 1571
2683 5788
3260 4547
3692 6065
4664 6075
1522 1590
2604 2611
3017 5218
2487 2490
2644 7226
5767 6398
1565 4933
83 151
1296 1566
3814 5809
1325 1372
5244 5259
2147 4787
892 5332
4700 6170
6690 6691
5812 5815
3488 3491
363 364
6690 7236
1543 6746
364 903
7100 7145
948 950
3488 7428
321 4460
892 895
2342 4619
5264 7294
6691 6711
1532 1537
2413 2610
2416 5672
701 714
7474 7724
803 3462
3685 6423
6691 6697
2961 6112
3465 4083
3283 3870
2791 4275
1451 3263
5874 6621
3580 3590
3729 4485
6157 6158
958 5730
3319 3394
6158 6159
1425 2098
1128 1168
3831 3835
6159 7057
1718 1727
1354 5028
5493 5518
3531 3606
7388 7390
7527 7555
7261 7324
313 3906
230 2947
1641 2606
6697 6705
3518 3534
4649 4651
6454 6455
2774 5040
2361 7663
6799 6801
1631 2335
400 401
1637 6749
401 402
2650 2705
7177 7661
6166 6177
1621 5798
5009 5067
403 839
4389 4400
1919 3038
4204 4210
2125 2759
3070 7214
2208 5157
2449 2462
948 2272
1562 1563
6394 6937
131 134
3038 5279
414 762
5138 5181
6705 6707
4672 4683
1409 7426
4157 4185
4099 4605
495 743
7812 7815
7437 7445
2459 2465
419 420
6707 6709
1488 5478
2679 2699
1233 5471
2079 7167
3101 6468
6142 6713
568 1302
3051 3065
3406 5738
3846 6178
7661 7758
5718 7320
1118 2186
360 746
3486 3500
2915 7101
2666 2704
2919 7420
1481 1874
843 853
2894 2928
1149 5643
4713 4792
838 856
2760 7143
649 651
442 5930
2534 2548
4735 4737
437 438
3868 7813
3397 4422
3810 7329
6590 7455
1237 5759
4418 4434
6712 6849
440 7721
2713 6592
621 684
650 5119
1614 3286
5254 6743
16 5543
1131 5046
648 651
594 4576
445 1916
1512 1535
495 755
1974 2076
1713 4675
779 786
1084 1166
2525 3500
4686 4688
724 1021
7472 7476
452 764
2153 6089
1206 4970
867 870
452 739
849 6808
2206 2746
2162 7682
627 1248
3463 5514
2900 3176
850 3505
6476 6946
4307 6286
2458 2469
2907 2911
4809 5962
261 291
360 447
5882 5892
1548 1556
1234 1295
4475 4477
1300 3941
2061 2063
398 1873
3071 3088
770 774
2625 2627
2598 3608
112 6732
274 302
3802 4760
4212 7209
4199 4202
2231 6843
2545 2593
479 938
371 5553
764 3506
3853 7300
5174 5254
6646 7147
6212 6213
6658 6660
486 487
4933 4982
486 7582
2886 2906
487 488
487 2500
488 489
121 2193
145 7751
640 713
5267 5269
6577 6583
1518 1843
2262 4033
874 1082
1827 5080
3597 6562
1237 6216
181 2306
167 7301
497 2174
5817 6464
3456 3497
901 1095
3436 3453
722 869
776 784
2642 5568
1093 5965
1111 1117
219 3136
5558 5779
6716 6753
3710 6848
1619 3078
2760 2929
6890 6893
4806 4817
2001 6358
6233 6576
4521 4524
5265 5270
1827 4411
2557 5913
6224 6225
6224 6226
4359 5138
4096 5886
6352 6357
1133 2761
1983 2623
108 6455
2518 5875
3078 3551
3768 4464
510 519
3970 3986
2816 2973
523 524
1864 6097
524 525
1246 1451
6227 6570
525 3255
998 7014
629 5958
909 3733
530 531
5381 5765
7296 7395
3725 4752
531 6456
646 654
4962 6381
3216 3243
2307 3336
534 535
534 6462
1111 2186
535 7056
2736 7291
2463 5904
538 539
2176 3504
5612 5625
539 1539
3414 3436
4410 4425
542 543
7673 7675
2742 7387
370 7719
3182 3186
545 6463
545 4952
5589 7685
4136 5068
3531 5204
785 793
4334 4336
4744 4963
4531 4542
3512 3823
1718 5900
1120 2898
2052 5508
3149 3154
3154 3161
6809 6821
1286 1584
7210 7268
1650 7228
2952 2959
793 799
558 559
1381 5534
1727 5902
3843 5816
2569 6112
3989 3995
2825 5539
799 804
1445 7804
3510 3519
4090 5153
7364 7366
804 808
3268 3318
1209 5472
5099 5759
101 1265
6572 6577
6740 6741
808 810
1737 4867
1678 3285
4436 4445
4863 7323
3782 3793
6248 6249
5445 7143
6987 7166
3287 3371
6249 6250
3519 3522
822 1414
587 2370
1483 1489
2255 5200
5630 5808
591 592
3734 3735
592 593
522 4604
7607 7621
1311 4197
432 1331
1702 1707
3698 3725
304 596
4188 4255
5593 5595
599 5036
3911 5687
1715 4222
4525 6129
2043 2130
907 5317
2345 5557
3112 3124
4230 4236
145 1151
2004 4994
608 7272
433 4854
609 1642
609 1649
4222 6882
3446 4497
4249 4253
777 3341
221 4495
836 2505
615 2634
475 491
6264 6266
3029 6810
319 5679
872 3464
5819 5820
5191 5198
552 599
4786 4788
1402 4615
109 133
629 5350
4599 4603
441 6571
2264 2935
4217 6290
632 633
1708 6467
6268 6269
4711 4717
1511 3946
910 4071
4893 6047
3522 3525
6269 6271
4031 4032
7212 7425
818 820
644 645
1170 5170
3111 7055
4356 6886
788 5892
3980 4475
645 1261
646 647
4923 5173
1362 2499
647 648
647 653
648 649
290 305
5164 5168
5258 7385
4617 4621
6924 6926
4085 4092
651 652
1560 1625
652 653
5337 6503
653 654
2663 2665
3926 4452
655 656
6278 6279
3785 3869
656 657
1662 1740
4983 6763
6279 6280
7779 7792
1953 4622
127 2684
2191 2909
2277 6334
4187 4191
1423 5843
826 833
4350 5476
5145 7181
6280 6315
663 1764
1750 1974
7747 7749
1188 2837
7681 7709
1989 7150
6729 6732
5355 6386
1009 1013
4682 4685
2939 2948
2187 2543
1598 1606
3346 7802
839 845
453 846
846 848
308 577
4271 5822
189 4836
776 7477
7240 7518
4872 4879
2018 4680
1313 4367
4277 4278
1364 2499
4277 6179
3435 3437
4554 6878
3946 3947
1915 3574
2161 6820
2651 4643
3941 3946
7266 7780
4347 7638
1973 2197
3062 6594
851 854
851 4962
5769 6886
3437 4414
1467 5505
2866 5766
1818 7337
4202 4241
848 5857
854 4810
2857 2869
6313 6314
2075 4155
1575 5081
368 4721
276 2984
3980 3981
6314 6315
2650 6016
2397 2401
2651 3013
2774 2788
2995 2997
5293 7177
4609 5051
4492 4494
716 717
682 7637
2142 4530
717 718
717 1178
718 719
718 4767
719 1177
669 6519
5055 5458
5272 6746
7698 7700
1894 2527
2225 2240
6396 7002
1509 1521
6097 7008
7696 7747
625 6320
1037 2242
6547 7022
2540 5202
4310 4312
2867 2902
5162 7337
1604 1618
3448 7769
4643 5078
5216 5222
290 3806
4629 4635
1622 3526
2149 4835
7758 7763
1155 2951
2057 2071
5666 5674
3525 3533
687 5597
999 4177
517 6739
2638 2639
4440 5804
1381 5730
433 876
748 749
7176 7180
748 5109
1866 3573
749 750
5234 5398
749 5087
750 751
3700 3709
1509 2235
412 763
315 316
3704 3708
6417 6444
755 756
483 6059
2910 6142
5 5843
3971 3975
361 362
876 878
192 1462
761 762
2693 4103
3681 3718
315 5704
764 3505
5872 6566
678 692
6283 6294
7161 7222
5570 5577
3396 3857
3713 3716
5941 5949
5180 5830
5245 5536
3708 3734
2945 2950
2154 4183
5101 5108
774 775
5923 7295
4554 4707
2052 4918
776 2626
1737 7084
6378 6383
5179 5211
3437 4430
6313 6347
591 2536
1904 1908
5286 7288
784 785
784 7477
798 5512
320 325
2330 2345
454 1801
3011 3780
1829 1832
290 3586
1381 5569
858 3367
720 4326
3355 4232
2669 4631
115 5479
3001 3423
5721 5724
1765 1890
1113 6910
2491 3577
812 7663
7090 7096
1728 2141
2552 3742
5589 6389
883 886
1588 3125
4645 4682
2223 2635
887 889
7516 7648
858 1668
2678 4645
4771 4806
1369 3109
786 853
1390 1440
957 6496
3403 3409
1282 2224
831 970
2367 3158
3504 3622
541 3003
3533 3539
4370 7471
958 1381
3650 3796
6027 6243
866 6029
790 6467
37 95
1017 1033
1411 4919
2463 3213
4622 5258
6811 6825
6100 6322
3972 4885
264 7704
378 6995
640 1478
364 895
932 4025
2272 2273
2810 4892
7495 7497
2934 7666
7734 7748
328 2222
6653 6662
845 846
4308 7244
5424 7752
277 281
3522 3539
848 849
364 372
849 850
5221 6193
799 808
6482 7602
6109 6498
4099 4430
4067 6549
381 1926
4323 4383
5076 5083
1137 6616
399 6637
6842 6843
7330 7546
892 904
92 1556
7635 7646
6001 6035
3678 7345
4399 6105
2308 3682
3208 6497
865 866
996 2917
866 867
1970 5783
7800 7806
2940 7286
610 626
473 2485
320 6718
870 871
1147 6135
871 872
3165 3205
4641 4659
1155 1652
4469 4753
1822 3803
576 637
5363 5364
3338 7141
2895 3093
2976 3157
4050 6517
878 879
4535 5195
879 880
879 3084
880 881
1751 5573
881 882
6601 7431
882 3485
3548 5015
1832 2563
1148 6134
883 1090
5177 5864
1054 5540
7616 7624
886 887
5861 5942
3204 3224
1339 6039
3401 7025
2799 2808
307 901
469 6542
363 889
2591 2606
6011 6214
5436 5515
959 3552
28 7569
910 4577
2194 2196
4265 4471
2573 4338
125 514
900 901
5259 6682
1478 4911
3034 3055
4788 4791
990 7196
2061 3682
3634 4849
6848 6888
753 4754
856 7706
2391 4285
2210 3321
5943 6876
907 908
5856 6891
908 909
4995 4998
2398 2424
3487 4519
5569 6219
5429 5613
1723 1749
7629 7686
1452 4269
1115 4209
1727 4307
5975 6487
6334 6348
6023 6184
4990 4995
5158 6193
4198 4201
4155 6694
413 418
7285 7292
38 44
929 930
929 1555
930 931
930 7026
931 932
2091 2092
2266 2294
437 929
1176 2716
934 4480
934 4481
6443 6444
479 886
1669 2423
1694 4027
6443 6475
763 2968
1983 3740
199 944
6367 6961
944 945
944 2664
1227 4419
2609 2628
6444 6445
946 947
5731 7384
946 2345
947 948
1081 1084
932 934
6044 6728
4826 4828
6118 6121
1933 2172
4430 4432
4828 4834
4809 5570
2568 2599
613 6629
4454 5011
1378 1522
2320 7824
2294 3082
7573 7584
1544 7604
1716 2382
4275 4292
1887 2187
6585 7118
4039 6496
1126 7299
2022 2059
2749 2808
2008 2043
822 1172
1873 2007
5576 5949
2309 2454
1223 4669
810 818
5508 6675
2038 2391
5685 5703
592 2536
199 958
3660 3665
4834 4839
3011 3084
960 967
4207 5802
5030 5098
1755 5322
6986 6989
7788 7799
1535 2401
963 6729
5951 6326
2753 2766
1719 3588
200 221
5754 5833
492 496
2016 2025
5188 6560
460 465
1149 1158
4081 5870
6052 6071
5752 6910
4487 4544
611 3596
2100 7004
1058 1067
4008 4293
1103 7722
611 3458
2759 2769
959 5452
3163 3487
1480 2172
7312 7405
1994 2182
1631 2615
2896 2912
1474 3660
7249 7498
2288 4528
5263 5288
3735 3740
5399 6580
7038 7040
51 7164
2661 3670
7300 7537
1012 6727
1012 6700
7040 7048
1112 6561
5048 5056
98 1012
2173 3125
7078 7827
5871 6699
1369 5850
4468 7795
5396 5405
997 1014
5496 7251
1023 1024
6780 7249
1023 1171
6231 6283
4380 7470
2480 6227
1025 1076
6612 6836
1047 1051
1335 3547
3120 7263
1591 1599
7184 7421
5618 5890
6986 7004
268 7562
5749 7264
5972 6251
4753 5834
3039 3047
4203 4904
511 525
2545 2704
3599 3796
1044 7087
2667 3403
1356 2198
2262 4250
856 885
3711 6084
3117 3121
1047 1061
1048 1049
1048 1095
638 2158
4732 4736
3468 5662
7016 7030
3919 5159
5246 6208
564 2636
5174 5176
728 738
4146 4350
135 3031
996 999
1059 1060
1060 1061
3105 3110
4998 5002
856 1471
2444 2449
3390 5984
977 999
2932 2944
1568 7479
3551 3558
820 826
1827 4420
4045 4046
5894 7085
565 567
670 5045
7793 7805
906 2442
1123 6076
5690 5700
4969 4970
1342 1347
3231 5294
1079 6409
4165 6191
4544 4550
724 731
352 359
6781 6803
2672 5953
1980 2006
6538 7186
4089 7834
2309 3192
5870 5871
1086 1087
1938 4088
1087 1088
4620 7191
1013 1435
6445 7507
1090 1091
209 2959
1091 1499
1006 1012
7714 7855
412 3824
286 7788
6511 6512
567 569
2933 3783
3531 3551
1352 1354
1427 3092
3587 3591
6512 6513
7594 7600
883 1062
3173 6486
1670 3450
3099 4717
1108 2580
215 222
610 1948
175 5959
1111 2185
352 1259
5261 5275
896 1305
268 7766
2430 3585
1117 1118
1117 2186
1117 6500
1467 1914
3703 3711
377 3355
2612 2619
5639 6120
6511 6517
1973 1991
1122 7318
1122 2155
2619 4510
2132 6820
6466 6516
569 570
5871 5934
773 1022
3920 4006
141 1180
5605 5664
387 7721
2138 7494
2932 2936
1548 2209
3419 4695
7345 7371
1571 4938
4029 5836
7000 7166
1137 5757
472 6829
574 4450
1132 7108
5417 5711
3291 6063
3104 6006
1142 1143
7223 7308
1070 2982
3063 3066
1390 2927
4687 4824
6536 6537
2460 6913
1907 7262
5651 5655
2303 2386
1776 2391
500 1675
1150 1268
5883 7115
1118 5732
3101 6237
1152 6113
2175 4065
3400 3624
2030 2104
2689 2693
1146 1154
1110 4171
3336 3337
3705 3712
2095 4898
2123 6770
4579 4589
6485 6545
4979 4981
1166 1167
4454 4461
5070 5075
3009 3350
3702 3707
1271 1463
1194 1198
5498 5740
627 2990
2692 7008
1008 1583
6100 6288
5807 5823
1177 3382
681 7744
1178 4767
1181 1182
6098 7415
2031 2062
5939 5956
1182 1183
1110 4643
1184 1185
1184 3473
1184 1186
5883 7130
4659 5648
6410 6992
5814 5819
4332 4571
1188 1191
3805 4760
3489 4314
1188 1190
89 94
4853 4887
1190 3777
2847 6566
4515 5074
1191 4877
5381 5785
1023 1049
5014 5586
1961 6600
3984 3994
1422 1447
7332 7339
2535 5091
614 3457
275 3265
211 7684
1331 4475
3579 3581
1051 1059
5884 5891
3157 3200
2380 2489
1062 1064
101 1249
7702 7725
2315 2817
1209 1210
2525 3886
1210 1211
1210 7631
2450 6577
2636 4409
1216 1275
6945 6977
5950 5977
3967 6740
1915 3708
544 1460
1064 1073
2289 2922
2743 3134
1715 4212
6949 7573
945 1211
4521 5034
1936 1952
1226 1227
1025 1073
1227 1228
2567 2601
661 3929
179 5795
5543 7189
179 1877
2583 6579
3445 3592
2154 5043
1460 1755
1288 4302
1076 1081
6581 6582
1275 1287
1237 5761
4538 4576
1051 1088
483 5924
1241 1242
1241 3424
1242 1243
1242 5846
1143 1145
1243 1249
6584 6585
2958 4499
1086 6632
7355 7363
4836 7252
1243 1244
6845 7512
615 5036
4562 4564
7363 7369
2263 6389
112 2194
6888 6936
6462 7042
1255 1256
1256 1257
1256 1265
1257 1258
1257 1747
1258 1259
4659 5695
410 6205
2851 6314
2060 2385
79 1088
6588 7118
7363 7378
7369 7372
7137 7153
1265 1266
5526 5527
607 7143
4568 4569
4569 5925
2185 4048
320 5679
1102 5415
5807 5820
1273 1274
900 1091
2857 2864
6673 6682
1585 3692
4953 5794
1274 1924
7538 7544
1879 3321
5202 5458
2769 2773
3996 4000
1277 1278
1277 1680
5401 5403
1278 1279
1048 1098
1278 1283
1279 1280
3046 3050
1618 6745
5772 5779
1280 3748
3656 3700
4571 7800
1282 1283
3879 4215
1282 1684
1283 1284
7369 7459
1968 3079
1881 3490
6151 7839
6547 6897
7372 7377
559 6345
1289 1290
4433 6551
719 6632
1291 1292
3842 7650
7372 7659
2209 2212
1817 3311
61 1111
4105 4147
5928 5933
6939 6959
5732 5874
4534 4538
5909 5951
7378 7459
4819 4855
4942 4945
3582 3584
6769 6781
3596 5030
6992 6994
5283 5409
2680 2719
1304 5821
1304 7270
3927 7262
2354 2612
1118 1120
1307 5850
3234 3269
2644 7240
1120 1122
1308 1485
4750 4751
4047 4435
1310 1311
5218 6214
7338 7365
1776 4285
2472 5940
3348 3361
4084 4090
1313 1314
3792 3837
5786 7412
5645 7417
1314 1315
2933 6572
1315 1316
212 7456
1122 1125
4937 4948
3937 3945
4126 5319
6611 6612
798 2052
4262 6587
430 4396
2652 5935
2640 6349
7389 7459
6612 6613
841 896
1324 1366
1669 2421
3942 3954
325 2090
526 575
496 509
1125 1133
6613 6830
2936 4383
6613 6841
5517 5520
5392 5401
1964 1995
1316 1372
3213 7025
7009 7015
1133 1136
6615 6704
6058 6323
5783 6953
1123 1758
2778 3203
7393 7402
4040 4058
464 4376
946 3598
1677 1722
6864 6866
1137 1139
806 2432
4072 4074
1345 1384
5364 5398
5815 6857
1139 1142
2902 2904
1136 2761
1619 5097
4118 7658
4127 5087
4128 4135
361 393
251 6182
4128 4138
1356 1357
5315 5322
918 974
5390 7567
1146 1149
1889 1909
1150 1152
4572 6856
383 440
277 7570
4151 4154
1081 1161
1363 1383
475 754
7316 7579
1238 4566
922 6315
71 1041
971 6359
6638 6639
1463 1465
4154 4155
1371 1372
4332 7321
7224 7621
1601 4656
4471 4537
4154 6688
6769 7514
1372 1377
1307 7548
2892 4193
4381 7087
523 3182
690 1508
3669 4139
1597 2445
994 1551
1613 5125
2262 4294
7125 7137
1167 1171
6282 6288
4628 6877
2725 3658
1229 1297
1262 1538
1244 5596
3998 7026
2558 7764
4567 4574
6573 7589
2576 2762
1479 4748
1395 4772
1395 2957
4658 4660
5156 6192
2835 4498
1396 5441
3309 3356
4128 6814
1218 5793
7186 7232
572 602
7111 7211
4292 4311
1708 6352
5575 5580
5836 6143
540 2007
1401 1414
1881 1884
1222 7768
3264 7561
2705 6016
4665 4666
5355 5511
710 711
5114 5645
1720 2357
1415 1831
184 2984
2616 5470
3760 3984
1417 1418
4050 7442
1418 1419
1417 5855
1419 1420
4660 4662
1420 1421
5767 6404
2521 7838
1421 3679
2920 5719
449 2565
5543 5745
6683 6684
3503 4881
1425 1426
7681 7745
7688 7693
484 1062
1882 1910
3564 4518
1430 1431
5002 5008
1431 1432
52 4259
1414 3150
1132 6601
3713 4652
2304 6818
2436 3585
1892 3407
4245 6017
6567 6686
3493 3511
6143 6477
1870 1965
6692 6693
3622 6275
1205 1209
478 6610
1500 1681
686 697
683 1355
49 141
4083 6390
4023 7490
7411 7413
1448 5891
6038 6040
435 671
1040 3242
391 434
434 508
618 6519
3699 4605
904 907
3469 3852
5043 7825
2189 4206
730 1676
5275 6717
7618 7624
3531 3556
445 3044
4660 4724
3181 4867
3641 3880
179 187
1014 1039
1006 1022
1709 2182
4700 4704
1245 2826
531 3829
2961 3142
7720 7759
44 1764
2293 7571
3639 3690
2078 2638
5667 6960
2619 5842
4235 6273
1227 1239
5581 5588
3196 3223
562 3950
1239 1241
2993 7637
1552 2913
1995 2018
1092 6415
4545 5883
3307 4668
5690 7005
6040 6092
3866 5033
1485 6337
1124 6799
1576 2038
3041 3830
1870 1906
176 4713
4856 4857
1492 1493
3904 3909
1673 2937
5428 5430
7282 7291
5603 6066
1921 1928
1307 5516
2469 2618
5517 5562
3544 7092
1502 3572
636 5960
728 3353
4867 4871
71 5851
314 393
89 1033
432 4233
2112 5503
4860 4862
1507 1508
634 991
6068 7162
3922 7117
1124 6832
5231 5235
4862 4863
2406 4736
959 1138
2584 3561
4718 4724
21 4909
5780 7157
2650 3036
5583 7398
2638 4631
2131 6263
6142 6292
78 4214
2173 5365
2081 2114
1991 2096
3842 3856
772 6317
5486 5759
1098 5393
3712 3842
256 3763
4535 5804
4769 4903
6781 7514
571 604
6017 6297
462 506
6849 7782
3864 7257
4371 4385
3743 4141
2071 2473
4820 4892
856 1459
1540 1541
914 928
1541 1542
7442 7444
4892 4947
3685 3722
1906 1965
3189 3206
2388 5760
5542 5544
7609 7613
6883 6885
1266 1268
3387 3393
316 5698
1550 7158
4011 4317
4227 4630
7290 7295
3398 3417
136 5733
1554 1555
4794 4795
1869 1878
4632 4637
4086 5623
6255 7477
2102 2105
132 3069
5343 5348
3535 3567
1187 1834
6350 6763
4628 4641
1130 6347
2028 2286
6720 7207
5289 5292
1181 7789
2125 2129
1140 4647
1278 1680
4188 4241
4336 5687
4721 4792
4150 4184
4903 4905
5943 6884
97 2874
297 4496
1579 5387
1580 1581
1580 3247
1580 3248
634 1832
1581 1589
4882 5744
2027 2032
5818 7229
1284 1286
4905 7017
2551 6173
812 1682
1687 2021
2755 7102
735 4261
4304 4324
31 7208
1286 1289
1593 6472
1352 5795
7835 7844
1486 1491
7402 7662
3700 4161
1785 4728
720 3382
1840 1858
4831 4937
2644 6988
5439 5613
7706 7708
7706 7718
7024 7025
4659 6665
2041 4503
5253 5281
126 4910
4959 7378
2010 2543
413 5641
7718 7722
6015 6134
3376 3809
2469 4340
1614 1636
1615 5276
5334 5343
5176 6743
7517 7638
6149 6162
1560 1561
4171 4173
5646 5678
2526 6798
769 2910
117 3641
551 3614
3193 3197
838 840
3075 3233
2151 2437
2506 4100
1299 1303
2250 2251
4204 6716
2250 2270
1632 6327
5924 7331
2622 2624
1304 1307
2999 4337
2523 3486
7476 7519
4688 7821
6813 6814
4063 5257
1666 3555
6814 6815
3059 4234
390 395
6815 6816
5420 7750
2492 4440
2538 6786
2099 5856
570 574
2791 2793
4037 7014
2519 2521
3559 3563
3346 5396
1650 7190
6469 6479
5317 5331
5299 5300
803 853
4409 4411
4798 6716
1308 1310
840 841
1039 4062
5908 7264
3576 5952
2609 4768
3393 6563
5933 5935
2813 3164
5482 5488
6836 6838
4798 6729
1663 1664
1663 3554
1663 3555
7378 7389
5487 5599
6828 6829
641 671
7237 7240
4181 4183
3709 4096
3379 3452
841 842
1669 1670
1669 2409
702 3546
1455 5380
234 3657
5380 5382
102 5699
4766 4802
4529 6568
249 5447
2938 6708
6612 6830
3123 3134
4252 4254
2174 3178
1317 1324
1679 1680
1487 4328
6146 6151
2151 5745
2361 2363
3614 3616
1665 1689
6838 6839
3231 3253
3380 7083
6839 6840
2086 2252
6076 6462
6840 6841
1691 7810
2671 7033
5271 5336
5090 5094
2755 2763
1556 1681
3752 6222
1695 1739
7301 7346
1331 1333
2708 4950
2363 3689
4269 4282
1800 1801
2175 3967
6844 6845
1333 1343
6844 7560
4983 4997
563 734
7653 7667
4971 4977
510 7543
4556 5301
4407 4491
1706 7286
3441 3663
937 1424
1228 5846
2631 4768
830 4394
4950 4985
7837 7853
2318 3951
3903 3952
6207 6249
1575 1671
57 66
66 86
1551 4027
5792 5795
2186 2196
2472 6117
1272 1528
7619 7626
2273 2290
3298 7581
2949 7561
2187 3962
5718 6216
1726 6170
5928 6002
5709 5755
7402 7436
7206 7208
4526 4994
6247 7142
505 6902
2815 2830
7044 7045
4001 6882
1722 1943
262 5585
1080 5060
483 499
3785 3812
1345 1356
213 216
1740 1861
1740 5024
7045 7046
1444 4346
3754 4781
7045 7053
7046 7049
3629 3638
6859 6860
789 800
6860 6861
1824 2316
6861 6862
6058 7386
1278 1291
2695 2745
2751 2983
361 4620
4467 4722
2751 6752
1357 1361
627 6189
1757 1758
5313 6673
1758 1759
835 862
1759 1778
1361 1363
1363 1365
2548 4897
5498 5501
1877 2085
1467 5501
1341 4429
1576 4384
6507 6556
319 320
815 7459
5413 5415
5462 7239
7049 7050
6479 6481
4005 4069
5078 5084
6940 6965
1769 1770
1769 1772
4174 4186
1490 5111
1770 6069
1366 1371
1772 1773
1288 4277
2449 7025
1228 1237
3187 3209
7050 7051
1778 6073
1778 4903
1447 1483
360 473
6367 6897
243 3023
1781 1791
556 558
2967 4290
5269 5272
1783 1784
1518 1804
1784 1785
5021 6354
443 462
3228 3264
1413 1415
771 777
835 7313
7302 7710
1790 7190
6761 6959
1790 2295
2447 3274
210 3544
1110 5093
3840 4848
3346 3347
4927 5751
3665 3676
4876 4877
5069 5207
3439 7695
3505 6370
2892 6909
1339 5327
6882 6883
1636 1644
5774 5826
2998 3221
1653 1656
1497 5784
4392 6822
2505 2711
2938 2965
0 6841
3455 5429
2569 7551
6183 6185
4878 5323
1384 1385
6183 6186
6002 6016
3349 3557
4112 4999
1937 4935
141 4447
1610 7191
1822 2295
6462 7056
3621 3636
1240 3396
2850 6264
1261 6834
6285 7305
2852 4304
2089 6529
2037 7178
1831 5556
1410 4514
5286 5449
3324 3340
6815 7347
231 241
109 3794
6604 6623
2606 5214
4930 4931
7437 7550
7790 7813
4322 4335
87 6423
4780 4785
928 3624
655 1669
5697 5734
7823 7846
5101 7382
3382 5122
4900 4901
818 4195
7561 7565
1742 2907
6911 6912
1853 1854
6911 6991
1854 5960
5207 5225
3634 4845
4902 4904
4902 4907
4902 4906
4170 4191
2726 5407
1861 1862
1237 6913
1862 1863
431 477
5574 5581
1863 1882
888 6499
7371 7375
2146 6486
1866 4772
4261 4269
4904 4907
3997 6845
1737 1752
724 3477
3636 3639
3766 6289
2651 4110
1290 6304
3620 7805
2317 5467
1 4280
4696 4700
2702 4526
5086 5136
6655 6671
1396 1406
1330 5940
112 121
285 5404
6761 6769
2344 5897
7414 7605
4791 4800
1944 2095
2236 2266
2347 2355
1406 1408
4572 7549
4462 4487
6557 6564
351 3249
5710 5758
4536 4746
350 6992
5853 7587
4141 4157
7464 7521
2312 3593
1696 1706
4176 4206
7195 7197
510 7462
5421 5560
2582 5620
1408 1413
6287 6748
2788 2809
6310 7297
2129 2808
1388 1665
3869 5909
1308 1726
3429 3484
4121 5077
3863 5813
420 7528
1365 7313
3556 3565
4884 5243
6042 6957
6054 6056
1417 6336
1913 1914
3717 4023
3717 3774
445 4860
135 153
1914 4721
1753 6076
1916 1917
1785 2325
247 5873
5188 5190
6591 6804
3709 3717
3874 4364
4800 4819
2796 2812
1274 1917
5901 6306
2599 5774
1789 3606
918 961
5341 5414
1926 4865
1697 4730
3281 6405
868 924
240 5711
3604 3800
2716 7279
1421 1423
1176 7245
5227 7206
513 514
6114 6140
4485 7540
924 1305
1937 1938
3449 3459
1938 1939
1781 4681
1940 1941
5062 5070
1947 7076
730 1678
440 445
1941 2421
5655 7573
1172 3150
7061 7583
6763 6776
3808 3816
661 1940
672 701
1423 1425
1929 1950
5910 5913
4311 4899
1203 1204
281 2741
1426 1428
2226 2530
2415 4647
4906 7091
327 3446
234 2558
3839 6289
1951 2622
2408 2446
2649 2941
128 5994
5638 5715
7 6579
2699 2733
5409 5718
5300 5311
1955 1956
6626 6823
1953 2622
1956 1957
5344 5351
1957 1958
6047 6452
1111 2188
5156 5158
3848 3851
5877 5881
325 2087
2812 2819
1262 5975
1961 1962
5056 5060
6038 6063
1373 1374
44 180
3242 3245
7521 7557
5258 6073
1760 7376
2521 3807
5069 5363
1970 1971
2054 6302
3444 3455
5474 5918
343 2484
6071 6073
3935 7829
52 54
1611 1658
3178 3246
1415 1706
55 4234
1635 4332
7205 7214
1981 5784
1545 4775
2825 5546
6782 6783
6161 6166
7525 7529
1448 1455
6004 6006
566 1033
6685 6809
508 830
7705 7716
517 519
208 212
1337 5419
4312 6001
3858 7462
62 63
5840 5862
1565 4938
336 745
2563 6397
984 2572
3639 3643
5404 6021
108 639
1997 1998
537 1562
3077 4348
537 4304
3463 5429
1792 3264
5146 5245
283 5459
1786 1813
4543 4559
74 76
614 7024
76 78
317 3489
7342 7344
2409 2411
326 606
468 1181
1699 2614
2090 2091
2138 7471
3607 3609
2477 5762
7578 7585
1203 2073
6035 6037
54 2856
2387 2388
3880 3884
6833 6848
3927 3931
2019 2045
4224 7461
7006 7007
914 957
90 224
2587 6779
1190 3474
506 1857
2026 2044
636 6706
4741 4743
3737 3747
1065 1072
47 2223
1468 1474
556 695
4536 4805
2768 5653
5945 6282
5859 6231
3955 6679
3455 3463
2305 5987
2040 2044
2040 2050
1448 1474
2447 3362
2044 2045
1156 1165
1478 1480
3761 5757
49 6080
3885 6155
2050 2237
366 7712
2051 2072
2051 6376
3012 3031
2053 2054
2053 3736
3621 3643
2054 2055
2054 3770
2585 2592
2055 2056
3034 4056
2055 5206
2056 2057
2056 3765
2056 5325
4573 5188
1224 1231
2964 6796
1731 4666
330 355
128 5385
497 523
3980 6491
5109 5114
116 3453
1485 1492
123 3453
1003 4650
123 3771
4424 4428
2507 5475
4866 4915
2141 6085
4202 5971
1898 7712
1489 1498
2074 2075
4122 4824
3029 6868
4655 4658
1608 6640
751 5077
5004 5005
4949 5114
7028 7029
2080 2081
2080 2780
2080 2776
1000 1001
4274 5000
2082 2083
855 1994
5671 5710
3668 7134
5893 5895
1493 1496
1302 4584
6086 7539
1281 6676
5818 5821
3692 7820
936 971
5822 5840
2089 7155
996 4294
4633 4642
5528 5576
173 176
2527 3454
2578 4392
129 5384
7775 7823
2297 3647
494 600
1302 1394
15 1193
6461 6474
7233 7246
994 3604
6474 6475
4865 4869
6780 7210
2015 3670
5630 5653
4392 6153
1882 3691
6256 6343
1502 1504
4197 7091
5045 5048
2385 3647
110 6736
5228 5232
4711 7807
586 5982
5211 5298
1206 3255
5511 5558
159 3724
1329 1336
6058 7387
1508 1510
162 556
504 7611
44 181
4924 5064
1238 4511
2962 3060
451 6897
5189 5703
5260 6161
1830 1839
6060 6086
7057 7058
6508 6516
2376 6133
7057 7069
5140 5153
52 3991
2144 2145
2144 2878
1385 6988
1160 1606
2145 2146
7058 7068
2146 2147
2738 5144
7058 7076
100 3796
2566 3264
5684 7411
675 6699
2150 3145
410 6410
1431 4520
2152 2878
124 7175
1510 1523
6442 6543
3677 6439
1192 3654
129 5382
7057 7063
4323 4603
6502 6505
3318 3374
531 3378
1013 1444
548 7637
7063 7064
1803 2965
60 6254
2162 2163
4066 6741
7064 7065
2163 4717
1340 1763
2164 7651
2297 3654
7065 7066
250 252
7710 7714
7066 7067
4467 4957
2168 4690
6338 7340
1976 7765
7067 7068
471 561
5251 5264
5264 5268
7069 7070
2620 4246
1432 4495
269 5498
2039 2047
3648 7659
7070 7072
743 746
1767 6582
7072 7073
3793 6435
3610 4111
819 7509
5956 6934
7073 7074
2183 3492
4246 4355
266 431
607 2751
342 7024
2941 3200
2187 6580
3061 5233
815 7659
3477 6641
3466 3468
546 2235
589 1856
2190 7283
2489 2514
1542 1545
4003 4049
1545 1547
3719 7480
3448 3469
1308 4696
3483 3488
215 2729
7213 7251
1593 2855
1018 2185
2202 7283
7079 7739
293 1001
1893 1896
2739 3894
335 5985
3853 6779
3826 4723
5304 5494
627 6187
2212 2216
5966 6818
2887 2907
3468 6261
5976 5978
2054 5164
2294 2362
5286 5452
5407 5410
1554 1557
5046 5047
6224 7083
1557 1560
2668 2670
2670 2701
511 2751
2947 4858
2701 2709
931 1561
7093 7094
4195 5973
2349 7463
1825 4938
4670 4698
3451 6538
748 761
312 356
167 6873
1324 1325
5003 6621
5157 5172
4345 5113
417 6828
5053 5054
2237 2238
1192 1205
2559 4503
3312 5312
172 2807
3007 4223
3373 5491
1061 6025
2169 3229
293 2813
2244 3395
871 3365
2373 4626
4962 7829
7613 7620
366 5468
3654 3664
1027 7105
1113 7194
1027 1626
2417 2475
2444 7519
11 6452
4066 4080
3966 4890
371 5745
2014 2256
1186 7797
2178 2184
2263 2268
2263 2269
862 1317
1579 7836
1027 2934
4286 4287
175 2268
2268 2281
2887 3859
1077 1121
5697 7439
2789 4509
1712 1717
527 6310
379 4901
7128 7140
5910 7264
4194 7644
1120 2914
5079 5370
384 521
2279 3013
2904 6700
3430 5788
2281 2282
589 893
1127 1163
2072 2077
3524 3528
5176 5417
2357 2375
6099 6125
62 1496
3283 7478
2930 3284
1568 1579
7122 7785
2291 2292
2291 3006
2292 2293
2292 3005
5573 6065
395 1873
3664 3668
1961 2608
147 6115
5205 7483
4021 5775
1854 6022
312 3952
2186 6514
2764 6962
7118 7122
1221 3936
2368 4448
1553 6935
1409 7139
2877 6563
1279 7303
7382 7644
6573 7567
5510 7298
6003 6818
6870 6974
2490 3126
5328 7373
1244 1527
2310 5564
5032 5066
1589 1593
5288 5293
2543 4206
6340 6346
4982 5408
1176 5818
3692 6198
4848 4856
2317 2318
4381 4389
3730 3737
5495 5499
2981 7689
4465 4467
2864 7689
6357 6359
6685 6878
5347 7690
3393 4284
1762 6073
4473 7772
739 5137
4984 5260
702 1369
1930 3364
642 7706
6602 6603
1593 1605
2796 2803
3093 3119
3337 4144
792 1846
1781 4666
3119 7596
1232 1532
2336 2337
2569 6127
3119 7623
1334 5597
4251 4263
6626 6971
74 3086
5404 6311
304 2340
2417 2427
3135 3137
442 6544
4554 6685
6338 6341
3809 3818
5049 5069
4424 4427
7155 7156
2601 2824
4050 6515
7594 7640
376 7789
4050 7051
5698 5825
5148 6982
435 1927
3573 5024
6381 6550
5964 6326
2278 5906
2361 3617
2700 6665
1319 4602
5517 5558
1211 2148
5611 5665
1229 1306
982 3218
2518 6217
1488 5475
1899 3871
1340 1341
1573 1587
2371 5464
2371 7353
432 1612
7584 7599
359 1621
6262 7642
2364 2376
2018 4651
1711 1714
2600 2604
5258 5306
2031 2032
1612 1615
2748 3267
4602 5051
1350 1379
1812 3015
585 7078
2474 5577
754 2993
2865 7365
565 4546
3885 6650
5487 5496
305 2104
2418 2426
1951 2607
922 6271
1820 1842
3194 6925
4499 5224
5617 6701
520 521
520 580
520 581
3962 3965
4823 6354
2405 2406
2405 6322
1563 2458
4078 4220
163 3032
3103 3106
2726 3882
3942 6167
5623 7051
115 118
5113 5970
2411 2412
3506 7575
2690 2721
7777 7787
836 2370
4093 5153
4260 4264
2703 5144
2158 7168
3597 5829
1269 7012
3144 6299
3108 3896
5337 5349
4664 4672
2356 2361
2280 2284
4173 5078
6623 6654
5162 5163
7192 7751
2419 2420
1625 1632
478 483
2420 6225
2420 6233
2421 2422
6297 6774
1976 3100
2422 2423
7193 7836
4000 4005
2876 7374
5851 5860
3551 7370
4057 4172
7077 7195
1953 1958
2700 2703
5745 6644
6623 6679
2374 2392
5084 5093
5333 5337
1115 7171
1909 2960
3343 4211
5763 6272
1692 1698
2651 6173
22 24
6315 6320
2661 3558
5325 5333
5480 5487
5333 6344
1236 1703
7194 7195
4961 6514
440 7306
2448 3458
3965 3968
1223 5281
5061 5102
6401 7160
3854 3863
5817 5833
4763 4771
248 5720
296 3201
6116 6119
585 5586
3962 6580
2454 3133
3369 5925
1849 1864
537 2852
2456 3959
6193 6196
1124 1127
2324 3618
267 5841
6048 6054
619 671
2459 2477
7056 7080
7218 7541
6737 6743
6762 6768
581 582
3589 6263
357 4299
4343 4351
1842 2461
5571 7394
6416 6424
2441 3633
6317 6351
1739 3979
6424 6428
4209 6883
1696 5535
2465 2477
1638 1643
3948 3949
2478 2479
416 5824
6612 7216
2479 6278
6951 7009
1643 1645
3485 7838
1208 1213
5241 7208
4704 6170
1110 6397
1650 1655
7119 7266
1194 2758
6852 7019
2463 5905
2484 2583
594 595
116 2858
2486 5673
4054 4348
3670 3682
3100 3101
595 597
597 2850
1270 2302
3220 4158
3454 3490
3800 3834
5532 6953
1643 2121
5499 5504
1655 1660
2500 2501
338 345
550 6401
6697 6711
2503 2504
2969 4083
460 1395
3884 5940
2624 5485
2700 4814
1696 1831
4501 6245
3102 3103
1660 1662
2135 2494
2522 3139
873 7375
2510 2511
3677 3683
2510 2513
2511 2512
2429 6583
5152 5155
465 6920
2441 3585
359 3424
188 190
1273 6304
3668 3674
5522 6743
2517 2518
1664 1666
2518 2519
3552 7031
1320 1329
2727 2782
348 5672
3095 3279
6956 7013
2142 2156
5155 7430
4372 4387
335 1305
2020 6388
6487 6526
5361 6097
2525 2526
4689 4790
1998 7150
5694 5696
3122 5090
16 7189
1355 1370
3431 7435
2529 6798
1735 4675
1350 1355
2578 3641
2528 2529
4172 4174
5193 6641
424 7120
2537 2538
4560 7548
1714 6351
4801 7292
47 64
1585 1704
4782 6674
2969 7443
6042 6831
1572 1578
5580 5587
184 194
2543 2992
3042 3043
4236 4248
643 665
1205 2616
189 1719
7715 7734
2057 7148
5478 7280
3571 4003
3882 3897
5641 5646
4175 6817
4591 4594
1311 1313
2262 4351
625 6278
1856 2987
1354 5944
2555 2556
2555 2656
2663 2693
996 4755
1330 3884
2344 6014
6096 6104
5237 7383
1617 4285
4108 5931
6260 6263
692 703
2872 4306
3918 7254
1684 1686
7657 7678
2032 2037
1686 1688
1807 7141
4414 4417
3900 3929
4888 4889
1688 1691
2569 6123
2323 6486
2571 2572
596 5493
2543 6714
5083 7276
4011 4022
3225 6603
913 4744
1126 5402
2311 5748
184 265
6032 6039
2605 2614
153 163
5342 5352
1548 3388
2580 2588
6890 7120
1692 1695
2259 4052
1446 1482
1246 3073
1741 2969
3968 4015
4763 7778
7284 7285
4283 4860
2588 2589
1696 1698
3022 7831
2589 2590
6417 6429
1897 6263
2590 2597
6988 7035
56 1698
6429 6430
2179 4933
2595 2596
3621 3655
2595 4768
63 3068
2596 2597
6313 6328
4387 4588
220 568
6498 6670
3920 4483
7292 7293
4114 4115
1494 6997
1437 1439
5432 5433
1855 7007
375 3768
2824 2827
5231 5251
1441 1446
5608 5610
6784 6812
314 4327
5131 6187
447 453
3733 3741
1479 5907
5433 7649
909 1047
2078 2632
4259 6659
4115 4116
4476 7837
2615 3024
5594 6530
2615 7736
1441 1567
4115 4720
3153 6868
931 1554
3987 4018
2323 3166
1040 2117
4116 4118
7309 7310
2615 5456
1660 6606
4100 4102
420 4224
7265 7634
7319 7326
355 2940
1696 3979
4991 4992
1760 7387
2628 2629
2628 6157
1260 1276
7508 7516
4015 4018
440 7781
795 796
1890 1911
2304 3876
96 1154
700 1328
700 5564
854 5184
1547 1550
2479 5127
1603 3570
1444 7775
1726 1731
1817 3360
1444 5886
6266 6268
1198 1450
1738 4611
3375 7636
2732 4738
1717 1744
2967 4278
3478 3486
7854 7856
2884 3329
5663 5676
1518 5534
6755 6936
5405 5441
4018 4020
1008 5285
640 4785
2453 5476
2653 2654
5038 7451
2654 2655
5217 7479
7413 7743
2655 3991
6615 6844
4190 4870
1057 6409
7332 7737
3512 3548
3458 3697
985 5385
3843 6053
6760 6819
4927 5747
5218 7335
3191 3364
279 4920
4498 5870
5868 6259
6436 7639
436 6571
1631 2264
2240 4210
2366 7146
1730 3410
2761 2770
3902 4439
4330 4452
5707 5772
2675 2691
1311 4132
4494 5012
1820 3410
2934 7645
3928 6766
4736 6760
4376 7653
4953 5157
7485 7487
2862 2974
6059 6396
135 4319
4988 4996
7344 7345
6480 6946
4556 5330
7119 7122
3568 3577
1980 4159
6253 6257
1751 1753
5029 5142
216 311
2895 3284
1868 2274
2697 6639
72 3877
4033 4038
5226 5227
5226 6046
426 4240
7464 7557
2768 3137
3592 3630
3509 4419
6149 6184
5208 6074
3011 4221
2707 3429
1374 4077
6382 6965
553 5498
7401 7403
2712 2713
2712 7541
2712 7542
5486 5765
2014 2271
4126 5357
1454 1887
2158 2160
1481 5972
71 89
1913 5505
6257 6260
2161 2899
503 3371
2665 3490
2722 2723
7295 7296
2723 5889
6308 6442
2724 2725
2724 4652
3867 5442
5239 5240
2725 2726
3997 4572
1340 2618
256 865
4819 5373
4705 4709
1753 1757
1249 1255
871 3266
1523 1918
6904 7263
2728 5702
2730 2731
243 5729
2731 2732
3988 5143
537 564
193 422
5762 5766
809 2834
2734 2735
5449 7548
2969 5440
2735 4718
345 2416
6497 6510
5240 5241
2458 2498
782 788
5054 5062
5508 5512
125 5622
5178 6395
6515 6517
2696 2706
6229 6238
1479 7191
58 2649
2814 2818
4006 4211
1345 1781
3621 3639
20 7569
5212 5216
4506 4517
4162 4179
2112 2122
7352 7356
3770 3773
314 362
2754 2856
2754 3134
4500 4531
3291 6038
1140 3243
5791 5942
725 6502
3738 3739
4893 6043
802 1745
5248 5647
2763 2764
603 606
1895 6996
1529 1606
1785 1790
7395 7432
1963 4750
1348 6032
4444 5039
1529 1533
2564 4472
3431 7622
350 3879
1819 1830
1168 6015
2775 2776
726 778
765 770
1365 3015
884 898
6537 6560
2780 2781
4887 4896
819 3710
7139 7504
3408 6356
3017 3797
2480 6226
2586 2783
2785 2786
2786 2787
1385 1798
2786 5803
1709 3916
2787 2791
2787 2796
6755 6833
2789 2790
1713 4835
4656 5004
6166 6574
5523 5529
5027 6574
232 7775
2793 2794
3823 4856
2794 2795
765 3752
22 2438
5653 5934
5720 5880
823 7014
945 2798
823 825
7397 7398
383 1924
3914 6223
7398 7399
2802 2803
5075 5082
2803 2804
6585 6588
2293 5959
2506 2508
6593 6595
931 3998
3281 3359
5791 5844
3065 3092
7226 7231
2006 3147
4184 4199
5268 5279
731 760
726 745
4034 7447
7691 7694
4870 5602
0 6615
1145 6618
2819 2820
1870 2005
2789 2805
2524 2552
3569 5774
695 3023
1384 1810
403 4578
5439 5514
2771 4953
3955 6604
820 6066
7403 7404
3550 4760
4101 4105
4229 7431
4972 4978
1103 4286
2795 2832
5521 5523
5502 5543
465 2577
3524 3536
770 6550
1760 7386
5745 5786
7409 7610
7407 7408
5218 5223
1810 1812
6412 7187
643 700
7408 7409
910 4579
7409 7410
3685 3696
1662 7834
989 4592
7410 7418
6827 6857
1933 1944
2754 2853
2856 2857
722 4225
3951 7824
1455 1468
2857 7689
1566 1725
1053 1056
5361 5369
2859 2860
2859 2862
2045 2227
1020 1891
688 3935
7413 7414
1822 1824
5852 6438
4222 6867
2697 4190
5708 6374
4547 5362
1646 5388
7591 7593
2747 4645
2957 2959
7201 7212
6282 6285
1888 7834
1381 3590
186 3056
2871 2974
5064 5067
2131 4192
434 4454
2747 4636
1731 1736
4385 4397
3816 4192
675 6703
3696 3701
5068 7253
429 1672
2837 7306
1379 1533
77 6726
4107 4109
1903 7167
5717 5767
3925 5728
838 842
1598 1607
1718 5989
1606 7614
5470 5472
1762 4586
2065 2157
1927 3582
3418 3554
26 2315
1732 5561
1718 5902
3823 4523
498 2561
4788 7137
256 3934
658 679
4192 4634
7153 7169
6439 6454
5946 6326
5052 5061
6040 6079
1329 3801
5545 5547
589 631
7365 7367
369 3669
5507 6635
5348 5357
1037 4207
1803 6744
2732 4735
4968 5013
3743 4071
2728 4632
4814 5144
998 6248
3222 3250
5537 7406
4814 5327
5663 5666
1845 1851
1851 1853
2921 2922
2921 2925
1081 5644
2922 2923
5 25
2923 2924
272 3056
2924 2925
1238 4429
2925 3191
1348 1349
5207 5398
1837 1845
833 2604
1738 5399
1668 1672
73 3068
2892 6885
2852 4644
7445 7528
2508 7450
1264 3728
2641 5561
1512 1549
271 7623
3021 6789
3001 6712
5285 5530
2939 2940
2183 2307
773 4048
5435 7221
1446 1515
2087 2127
5822 5828
640 6638
5927 5942
891 6689
3600 3644
447 450
1678 1682
5874 5957
5450 7288
4077 4078
2793 4252
6086 6481
1349 6053
115 5282
2392 5945
998 7006
4525 5296
5506 5522
2491 2562
497 3246
205 230
4645 4649
2991 2999
5236 6998
4690 7692
1360 1362
4536 4796
621 693
1362 1364
611 2448
7577 7579
3512 6548
5626 5631
4450 6110
4162 4267
3030 6995
475 490
637 858
2509 6722
4516 4527
7853 7856
5520 5525
2977 2978
2977 6212
2977 5126
2978 2979
4586 7100
2179 6780
4976 5079
2842 2863
1336 3241
58 3454
6684 6692
5169 5312
6305 6316
1951 1955
1115 4212
606 4488
672 680
1 1540
4291 5992
2986 7079
5924 7132
1888 1891
2802 6938
5020 5035
2715 6666
4871 6322
5640 5642
2935 3380
646 2590
2518 4245
4684 4686
2994 7723
5323 5326
4687 4793
1570 7401
4814 5135
1050 4295
2233 3324
3465 6390
3000 3001
3001 3107
3092 3104
7516 7517
5326 5352
5975 5980
3110 3143
4121 5081
3004 3386
557 6569
6964 6983
1608 2376
3007 5622
156 3603
5286 5291
3897 3910
5755 5831
7151 7350
5815 6932
5081 5636
5341 7128
3375 3495
639 696
3020 3043
5298 6794
5980 5981
7803 7812
3016 3017
3782 6558
7038 7052
970 992
2543 4176
1498 1520
304 1574
4526 4528
2733 4834
4237 7168
2865 2872
3025 5622
3025 5624
3891 6188
266 268
1224 1312
1102 1104
4447 4449
2315 2326
1279 3748
1129 1159
5294 7352
777 2890
541 2993
5921 7059
5984 5985
3035 3040
3437 4516
1107 2857
6896 6992
1718 6295
3041 5959
928 957
1158 6024
5786 7255
590 6560
5260 5265
714 3370
1673 6164
5970 5973
3181 3315
3382 3384
1128 1129
1535 1749
1200 7586
4922 4930
1450 1463
1924 1926
5225 5273
7733 7735
1130 2207
4188 4208
1129 1130
3187 3206
4691 7655
3326 3412
15 35
1404 1659
5814 5876
4442 5579
380 7489
4956 4967
827 5696
2775 4815
912 2565
110 127
1155 1648
1155 1156
1156 5127
2380 3678
2840 2916
2715 3127
414 7777
6101 6520
3079 3080
5347 7272
3080 3081
3615 3631
2742 7366
5100 6054
6700 6713
5352 5353
2311 3951
1226 3424
2189 6486
4537 5824
5607 5611
2390 3278
3091 3802
950 952
1968 3091
1414 2549
5227 5239
2105 2112
7693 7696
951 1066
86 5422
1766 3403
3097 3107
4433 7609
3294 3832
9 989
5346 5353
3816 3820
2888 2912
4002 7026
544 4656
3097 3099
6150 6410
7529 7530
1444 7648
1088 1166
5852 6800
2710 2729
5014 5017
1940 1948
726 7654
4802 4882
3295 3827
6616 7810
1099 2654
961 966
758 2955
2509 5010
1213 3227
3444 5128
6343 6350
3121 4780
974 1029
2370 5493
6023 6210
3042 3127
55 3862
7386 7387
6517 7044
1218 1219
3974 3991
4809 6013
3130 3131
5372 5374
3870 4438
790 3131
7762 7820
2289 2981
5714 6045
7542 7543
5685 5692
3939 4639
3518 3520
463 5319
6564 6601
1245 4606
3820 3839
345 654
2491 2550
1410 1526
4400 6715
81 2474
3145 3146
773 2904
3146 3147
3146 3160
1236 3857
6967 6975
3263 3350
3520 3524
1729 1737
2315 5615
1180 1193
1962 1966
990 994
5287 5288
7204 7384
2695 2729
720 3370
6008 6026
245 3075
4404 4753
1966 1970
4382 7326
35 3844
2648 6316
7368 7379
5700 7094
4870 4872
530 3728
3398 3543
3488 7233
903 4600
7079 7083
5452 7031
2876 6895
996 6796
3168 3169
1248 1254
2619 4983
4958 5022
1702 2394
7074 7076
785 3741
6877 7120
431 7606
170 172
3178 3179
1621 3109
1123 6459
4801 7285
5008 5014
5047 6094
2403 6221
724 3429
3814 5062
4813 6977
1320 5544
4754 7191
1321 4586
3186 3217
3186 3255
435 6726
3187 3188
3187 4158
3188 3189
4542 4552
1263 1264
7131 7135
1523 4943
7103 7723
4037 4041
1737 3210
1984 1986
5247 7496
1987 1989
3197 3198
6262 6353
628 636
7301 7351
6969 7134
741 6534
7090 7811
6067 6072
4878 5516
4780 6638
5379 6255
1806 7141
4629 4777
3206 3207
1989 1997
984 991
4085 4437
657 2607
412 5829
3436 4243
4465 4532
1901 5446
2675 6453
5148 7390
3214 3215
63 73
4475 5088
989 6190
5394 5395
4286 5838
5263 5279
7576 7577
7576 7613
621 821
5410 7688
4821 4833
1953 4715
2836 3292
2278 6318
1998 2010
213 5917
294 4964
4362 4408
1729 2141
1576 1578
570 1004
7728 7737
5921 6918
3234 3235
3811 3885
3235 3236
2580 4777
3236 3237
3236 3273
3489 4142
3237 3238
5861 5927
3238 3239
398 1909
3239 3240
2014 2019
3240 3241
3240 3350
5385 6000
3241 3381
851 6381
686 5828
3494 5242
94 1033
167 169
4825 4847
1590 2520
1327 1328
2840 2842
1328 5556
81 90
1334 6242
5124 5126
7192 7205
1877 2211
2738 5148
468 839
2019 2026
1932 1996
5355 5504
914 3400
7193 7751
1056 1875
4235 7321
1419 4291
3502 3590
2461 7008
3038 5289
628 7199
2343 4626
843 6842
1739 7199
3268 3374
5813 5864
2564 6958
2026 2035
3273 3274
3273 3275
1906 1992
5532 6978
1596 3275
3275 3282
1976 1977
7422 7435
268 464
96 101
2874 2910
2321 3278
5795 7412
3467 3663
1708 6641
1444 3899
1547 4673
2223 2232
1053 1119
3145 3166
3871 3887
3313 5788
7231 7237
1004 1016
2035 2048
2095 2749
3111 6675
323 4550
3292 3293
1693 2423
3294 3295
3294 3338
4692 4696
3295 3296
7258 7267
3296 3297
3296 3337
3297 3298
3297 3327
4643 6397
3298 3336
2746 3492
6548 6555
2048 2050
3301 3302
1578 1748
3826 4789
3302 3303
3302 3304
3304 3305
4992 5957
2051 2053
4370 5611
3047 3052
3307 3308
5007 6722
1008 5058
3629 7316
3308 4674
316 319
3647 5120
6091 6103
5741 5743
1016 1044
533 2323
5688 5721
3316 3317
4953 5004
1547 5455
6965 6976
2072 2074
4639 4644
7241 7257
5082 5172
1392 3795
79 3741
3325 3327
1264 4952
6822 6943
456 2130
456 3676
7271 7276
6429 6475
5307 5727
4458 4484
913 915
7664 7757
3527 4444
1140 2415
6338 7350
7381 7384
7606 7619
5054 5189
4110 5446
5062 5189
353 3569
5866 5868
5513 7481
4228 6950
4500 5365
5028 5944
133 137
3338 4144
4562 5301
984 2499
7399 7401
7509 7629
7627 7628
318 322
6504 6508
405 410
5031 5588
4399 6676
1029 1058
2868 3020
6098 7617
392 6643
876 5205
155 3054
1621 5800
1374 1375
7594 7628
7466 7484
2434 6106
5495 5742
5688 5725
5119 5139
1494 6978
1411 1412
1026 2329
423 6197
5211 5408
4356 4365
1149 1154
3658 4875
6739 6742
3671 3672
780 782
6210 6211
5357 7456
205 2927
5549 6777
3295 3323
45 60
5794 7322
4425 4452
1646 6405
4278 4298
4481 6254
6430 6461
7649 7650
2682 2727
7650 7660
1543 5272
1175 3537
3396 5131
3231 4093
1830 5289
1442 1443
2760 2985
1443 1445
4571 7092
137 142
6211 6239
2645 2767
527 6300
1727 6211
133 7236
7655 7656
1918 6854
316 5912
7544 7612
1699 2013
2077 2107
1412 3503
1999 2086
4015 4020
6417 6480
48 7151
3409 3420
6963 6991
5223 5226
1454 2184
2018 2033
6215 6218
4524 5776
2022 2024
2229 2564
152 161
4869 6309
4067 6532
3420 3421
3420 3961
597 4576
3997 6847
3421 3993
984 1362
2247 2273
3281 5388
6853 6854
2107 2114
3426 3427
636 4955
6469 6492
1420 3679
3301 3428
1582 5133
1975 3735
219 2952
2459 5752
373 6539
3435 4412
287 1000
19 34
212 214
1632 2393
1319 1326
7526 7592
373 6466
970 5253
2459 4230
5517 5654
2724 3713
3953 3963
901 7469
7283 7286
1404 6763
1484 4607
4921 4931
1494 5437
4506 7795
4879 4883
3601 7185
2673 3414
147 1520
1094 1101
5099 5101
4719 4784
615 5034
2750 2814
5275 7236
169 7301
578 6567
2059 2068
5993 6464
426 4258
5235 5250
3104 3638
5517 5559
6492 6504
1326 1339
565 4303
152 217
358 6504
3473 3474
2081 2136
2083 2136
46 5991
54 3123
4052 4101
3475 3476
1882 5335
3475 3482
825 5878
3476 5105
7451 7466
5981 5984
156 2096
932 3998
1172 1391
3478 6436
1138 1217
3397 5080
5170 6391
4098 4099
3473 3482
3485 3486
7679 7680
3575 3610
1583 2445
217 223
1631 1930
7679 7698
7680 7681
2623 4568
2318 3861
4264 4284
328 3655
1543 4799
1477 3728
2150 2152
815 7389
1766 7608
3711 3715
4766 5720
3500 5118
1866 4873
2558 5914
6807 6810
3952 4227
2355 2358
2260 2261
3506 3507
3407 4428
3502 3580
7484 7495
4681 4692
2160 2162
5926 6804
1198 1490
2323 2341
1563 2452
3791 3809
233 2637
7688 7710
130 3744
5036 7523
5520 5654
4985 4987
3774 3821
4768 6153
2509 4993
1591 2348
872 3448
4614 4616
3610 3612
1946 2140
4810 4818
877 936
4709 4713
1276 1546
2252 2403
5916 6121
1814 2935
1633 2296
3533 7630
5840 6886
158 196
1588 3130
6817 6828
7698 7752
3014 7359
3612 3656
1591 3290
6572 6669
3984 6852
3545 3546
3545 5449
431 4610
424 5132
3546 3547
2169 7744
4213 4227
5716 5719
1352 5944
1285 4584
1050 4644
6703 6710
3549 7039
7523 7525
7544 7566
1404 1407
1999 2403
333 4180
2248 7207
3553 3554
179 5917
3213 3222
7700 7701
2672 3763
7701 7702
3962 3968
1464 1469
2174 2178
7431 7434
7279 7690
1132 1253
3563 3564
3563 3605
4486 4536
3905 4679
6812 6819
1599 1600
2616 6449
4237 7192
4929 4939
5196 5219
5256 5261
2630 6468
3553 3564
6573 7609
2178 2181
345 2412
3725 6825
5116 5541
4588 4610
2181 2183
6862 6864
2187 2189
3958 7328
6363 6378
985 5121
320 5825
4005 4019
770 3755
3824 5584
1488 7740
1892 3397
3584 5600
3586 3587
3586 3650
2327 2356
1625 3758
5066 5551
1554 3758
2190 2200
2160 7682
3725 7258
189 193
423 4224
3241 3350
2200 2202
7779 7786
174 1923
5228 5233
5691 7018
3594 5829
89 1017
3597 6546
4230 6855
7716 7717
3512 5895
4807 4829
538 3378
3599 6731
2026 6895
4532 4894
5379 5394
3601 3602
510 2206
3602 3603
3602 3833
638 2154
3326 3988
5585 5739
6328 6340
593 2243
199 5730
1637 1654
5996 6029
1467 2807
842 896
843 3149
2923 2989
6211 6295
3692 3916
3257 3277
477 7562
3617 3861
5076 6043
3029 6825
2308 3704
2492 5195
30 36
6595 6598
1452 4584
1646 1647
1760 7093
1648 1653
2766 2769
713 933
3008 4969
3441 3442
5053 5809
808 5395
5426 7727
7575 7582
7729 7730
1773 1778
2216 2220
7730 7731
3636 3690
4575 4583
6540 6551
7731 7732
4847 4851
2784 3120
100 5952
4467 4532
7133 7724
7534 7549
4749 4782
4170 6497
5745 7189
3647 3648
1010 1015
1730 4395
5549 5550
4445 4462
3491 3493
3267 3544
2153 4108
5668 5674
7815 7826
1905 3651
1021 3477
2966 3039
5436 5438
438 4097
4432 4442
5550 5743
4198 6176
2743 3123
4900 7440
1656 1701
2678 4636
751 5064
3020 3042
6657 6908
1710 6352
7745 7746
1710 1711
1914 2807
3739 3773
3096 5837
1344 5023
5434 7480
6867 7524
1624 5005
2758 3088
629 5818
2669 4699
1827 1892
7749 7750
2783 6111
4893 4914
5552 5556
2935 7739
3013 4223
7343 7657
1006 3915
2238 2244
1544 1564
253 5169
3398 3521
1712 2965
4786 7125
3988 6312
6733 7537
7699 7707
5326 5810
4844 4852
2324 3815
5768 5872
1734 3919
3382 5686
7755 7756
2014 2150
4318 7838
3696 6114
2365 6051
1079 6415
5809 5816
4623 7385
3701 3702
3504 3598
2227 2256
3383 5547
4208 4255
2567 3681
2496 2602
5289 7337
3898 3901
3244 3249
6220 6559
2071 2395
2269 2271
6875 7124
3406 3836
3515 4763
5758 5790
5569 5570
1269 7768
1941 1945
2309 5987
4591 4616
1565 2159
2164 2168
7328 7346
3935 4326
243 245
6048 6056
3761 3775
1037 6816
3725 5272
6150 6994
766 5307
3649 4849
2279 5959
7740 7742
3778 3780
133 4040
1317 4822
6530 6648
2728 2730
7722 7835
3774 3779
1168 6008
2251 2254
2251 2255
2253 2260
5105 6808
2433 4950
4709 4712
2782 2811
1108 1836
1458 5296
7517 7520
1853 6998
4712 4743
1322 1327
627 1070
5475 5478
6731 7157
885 1471
2286 2291
3855 7220
267 5983
784 3752
2502 2516
7768 7773
7773 7779
878 3971
4514 7139
4036 4044
4054 4068
5762 6879
6647 6968
4948 4961
3810 3813
7773 7786
3845 7241
4067 7769
2261 5200
3440 7666
4673 7158
1913 5502
7582 7625
2867 6713
1026 1067
27 6104
1194 5111
6379 6380
5768 5885
5136 6256
6708 6744
4880 6928
1828 1829
264 370
2432 5620
649 655
3777 3778
3777 4214
1217 1335
3778 6436
3778 6446
477 7578
1708 4707
882 3780
2306 6459
5457 5987
348 4629
1967 1973
2346 5572
2265 6723
5548 5554
5778 5781
5583 5790
1730 3481
709 1574
1483 4396
1850 2628
395 398
4625 4858
2302 2306
1971 1981
2949 6112
1765 1782
2764 2781
4080 4117
1163 1524
5554 5557
5887 5907
7588 7598
1107 1112
1864 1871
1052 1065
2677 4150
740 5913
3827 3832
2311 2317
702 3545
4889 4894
2407 6156
1841 1847
6015 6026
2318 2320
4263 4322
2627 6422
4335 6870
4691 7692
7004 7016
4838 4888
5620 5627
5662 6939
1626 5199
2461 5369
4393 6730
1588 7635
223 3667
3831 5939
3732 4006
2149 3513
2320 2324
5086 5095
6594 6602
819 1850
5318 5320
5039 5042
7805 7816
6076 6078
1636 3048
1731 4704
744 7827
3023 3934
557 4604
2333 2336
6115 6147
2767 7763
2337 2340
4294 4755
6360 6380
3836 3936
573 3605
3490 3498
4706 5948
1931 2876
2930 3129
3230 3244
4712 4792
2342 2343
1391 2800
5420 5423
304 2351
5558 6386
1968 7214
3142 5509
1072 1659
3865 3872
2327 3860
3866 3867
3866 4782
7258 7265
3867 3868
5230 5296
3343 3588
424 7202
4805 4838
1158 6119
2351 2356
3510 3525
4358 6917
7837 7842
796 3442
4851 4866
7826 7828
1896 6272
4706 7244
3719 7632
7853 7854
1874 5150
428 6115
1553 5271
4554 6428
6757 6775
398 470
5659 5661
2674 2936
3837 5180
5042 5049
3889 3890
3890 3891
2895 3174
2697 5602
4457 6135
3060 5132
3017 7313
6470 7351
1277 1282
2582 2600
5177 5836
4964 6202
5459 6099
7562 7563
2371 2374
1857 1867
3823 3825
4808 4821
721 811
720 5728
2176 3560
3476 3500
976 1525
1023 5393
5672 7314
3596 4993
573 5522
494 4630
7563 7564
6531 6533
1250 1251
3771 3772
5669 5670
1624 1630
1030 3844
540 1833
1902 1907
4938 4982
1104 2169
2214 2285
5663 5682
102 114
3129 3284
696 759
3926 3982
1766 2871
2973 3030
2558 6110
6569 6963
6232 6303
2720 2750
383 1917
3932 3933
457 6204
795 3663
634 4897
1212 1351
2647 3347
3807 3811
655 2595
2175 3973
1731 7781
7000 7271
4308 7172
7552 7554
4997 5006
4427 5267
6509 6668
673 1322
2159 2620
2627 2671
2179 2192
5347 5350
1304 5796
3184 4659
3442 3447
6530 6532
5410 5412
578 6569
1175 4079
3360 6771
1480 2135
5599 6929
4743 4792
2682 2815
389 3811
6486 6490
4193 4209
2682 5861
910 913
1671 1750
7545 7625
4714 5455
5500 7839
3483 6012
2387 6169
163 3686
2265 6720
3872 6674
2129 2133
3159 6929
4017 5405
616 4540
5681 5726
3179 3189
2179 2620
5797 6731
4714 4716
1232 1546
5694 6583
5694 6664
4264 4280
2464 3089
5503 5524
7287 7304
6023 6051
3652 4896
2098 2099
384 528
6209 6704
3995 7007
2362 5368
2100 2101
102 4204
1303 1674
779 955
3272 6771
2392 2405
918 937
2101 2102
4363 6581
7826 7842
3627 3642
3296 3325
3085 4725
1879 3176
249 251
2406 2823
251 259
2681 5861
259 262
365 4571
7793 7818
262 263
2557 5278
263 267
3564 4729
4633 4740
267 270
2627 7532
270 275
3335 6771
4949 5161
2078 4631
275 309
5701 5749
3102 7316
3846 3857
5591 6041
6228 7183
2100 2122
279 283
2105 2128
3518 3532
1133 2170
283 285
1549 1572
285 294
4081 5360
2633 2644
641 699
6643 6734
528 540
294 295
563 566
2759 2799
7524 7534
2455 2467
1407 5095
565 3452
4153 4165
295 303
7707 7711
303 306
303 5255
3144 7509
2155 5732
306 309
5173 6973
2936 2944
1836 4501
6522 7672
237 4421
5707 5785
1164 5014
2165 7325
5508 6683
313 317
1084 1167
314 323
317 321
2929 2985
321 327
2049 3143
448 5894
4069 6996
1331 4233
742 4757
6090 6103
4072 7014
4466 4515
327 329
2475 4543
329 333
5083 5089
4041 4074
333 350
2854 2865
566 568
4082 6159
2828 5657
1654 6749
2193 3878
5028 5948
1186 1188
3431 3444
38 6101
3375 3422
354 357
952 2176
1667 1675
3996 4087
2198 2199
3876 5911
2198 2203
357 367
2199 2201
2199 4681
2201 2203
2201 6999
4266 7248
367 369
706 6620
3776 6669
2574 4338
369 375
1627 3527
5435 5515
375 377
3815 5830
1308 6170
167 1467
377 385
2705 6002
7638 7648
4122 4441
6922 6979
2230 5314
2249 5237
3994 6833
2232 2233
5377 5379
1769 6144
1944 2106
2422 2428
5893 7180
2421 2428
392 399
5099 5633
399 405
4132 4133
482 492
4133 4134
5330 5359
547 554
2017 2909
6331 6584
5666 7599
2326 2332
847 890
2112 5941
3468 6263
2561 2882
4357 4376
5825 5912
3485 7639
2346 2399
6557 6653
1592 7663
3096 5835
5043 7451
1971 6331
2873 3363
445 3552
1047 1060
500 7101
2874 6713
2644 7237
554 563
1233 1260
5489 7845
1108 2631
2368 4431
4920 5459
6172 6905
1813 6064
4916 6005
7490 7508
1813 1828
6103 7574
4163 4876
446 448
1148 6008
2627 7028
5082 5315
448 451
5582 5584
3034 4718
1885 3176
22 6096
5076 5096
176 366
2288 3704
631 4440
354 3727
2416 2419
2055 3750
2853 4170
4591 4607
614 2448
2726 7649
467 469
970 3545
134 7608
4186 4189
5869 5872
2304 7106
2078 6765
335 1945
3695 3706
2392 6285
1987 5203
2078 6770
2454 2456
1877 2084
4197 4198
2175 2219
2957 3136
881 6297
108 139
1467 3662
6201 6220
708 4884
568 580
4201 4906
1835 5919
498 7611
3419 4640
3511 3521
2344 2365
4130 7636
3163 3171
852 1553
4593 4742
6090 7552
26 6145
3476 3478
2395 2414
1857 2307
2390 3234
4977 4986
1806 1821
499 505
276 282
1300 1511
5929 5937
2312 3590
1411 7259
4900 5796
5775 5777
1200 3050
577 2470
1200 2912
4221 6446
1379 3789
1335 3549
7494 7535
4224 4481
3902 3928
1344 5027
5458 5494
1611 6188
5372 5966
18 30
3843 6039
4509 4513
567 4381
3196 5972
1699 2135
3966 5521
816 2197
4233 4811
322 7519
7504 7513
565 1045
3709 3779
5178 6543
3117 6044
3848 4051
2669 4685
5926 5931
3113 3114
3376 6695
2480 2482
828 3587
1683 5274
1767 1769
3429 7018
374 6508
3623 5533
567 3379
7179 7202
1857 2341
206 2482
2810 2821
4405 5242
4249 6146
4249 5387
4249 6151
6130 6656
316 5679
5976 6858
1236 3831
420 7290
2858 2991
1280 7303
6705 6709
2309 5457
1495 1509
3176 3321
7512 7524
4260 4293
2486 2488
1477 2302
7502 7505
2042 7223
331 1225
1899 6488
1335 7039
579 583
3039 3052
6846 6852
3876 6144
149 4614
5511 6386
5862 5863
2493 2495
2854 2872
852 7443
687 6184
1871 1876
3684 4974
414 3866
5148 7005
3609 5081
6361 6364
7488 7502
2495 2500
2501 2503
2758 6594
6482 7475
2213 2809
2071 2378
2971 4053
4288 4289
2561 4378
6126 6293
6863 6930
4260 4289
5496 6903
5154 5156
2987 4535
755 2503
6189 6203
2088 2127
146 582
6556 6789
4146 5473
2837 7721
1836 6245
5714 5717
127 2671
4441 4471
2503 2512
3786 4801
7479 7481
4100 4104
40 53
5300 5307
2958 7697
7662 7676
338 3959
1724 1986
2901 5152
999 2225
429 576
2414 7148
6158 6846
126 1504
4922 5208
2449 3405
3903 4125
2467 2473
81 5577
5747 5751
686 698
636 1837
4327 4754
3763 3804
7093 7376
2735 4725
3864 7152
850 920
4313 4343
1038 4553
2112 5949
2573 4361
5722 5723
1201 1285
4219 4222
7671 7699
461 635
605 933
3622 3625
2323 3168
5516 5847
7094 7376
1320 3263
3687 3743
2455 4543
2455 4611
1870 1932
4918 6754
3821 3828
416 5930
4120 4164
6590 6604
7726 7728
3656 3787
307 903
5665 5713
6128 6132
588 4208
2447 3237
7401 7426
355 2903
2255 2270
5741 7415
6196 6208
1894 3454
939 6207
7267 7832
1158 6618
1075 1875
7113 7116
689 693
1705 1721
5263 5308
1514 7404
605 640
6746 6747
1793 6189
1793 1795
2521 2523
1512 2397
3581 4178
1793 6203
6148 6281
2499 2502
13 17
19 5877
343 6576
1708 6821
3129 3135
2523 2525
17 780
4019 4034
2526 2528
4780 7125
7675 7688
486 2529
3599 3601
4414 4420
2034 7707
1724 6597
2868 3127
558 4488
2039 2061
1236 5246
2528 2537
3637 5700
1113 7197
3804 3934
4033 4351
7520 7526
6747 6751
2759 2808
1147 6687
4531 4562
2538 2540
2952 2955
406 2540
365 5356
4411 4412
4412 4413
4413 4414
2696 6043
1483 1520
2846 4941
6779 7300
2052 2078
820 4195
4417 4418
1191 4163
4418 4432
2024 2027
4085 4417
4421 4422
3605 5169
7759 7762
4422 4423
1174 6653
4423 4424
1928 5316
680 775
179 1756
15 1897
5779 6374
4427 5249
274 675
2767 2816
4259 4611
4595 4597
5701 7264
1389 1392
34 103
2113 2118
2766 2773
2031 2104
2630 6237
1299 6028
2516 2534
4437 4438
4437 6164
2551 2553
4438 4439
2138 7795
6009 6646
4439 5249
2057 4151
636 2310
5794 6621
5434 6730
2234 3568
1813 2667
2553 2555
2302 4447
7493 7555
2621 2779
6179 6180
4449 4450
455 4216
1759 1762
3641 3877
2556 2563
2261 2270
644 1261
1579 1645
2753 2799
2206 4519
4509 4512
1936 2527
2289 2938
6110 6834
1028 1323
4673 4716
1713 6065
2581 2582
714 716
2374 7353
6304 6306
1817 3371
1782 1815
2305 2309
703 6526
436 6130
812 813
1400 4813
6810 6811
5631 5707
4574 4838
5230 5763
2643 2711
3560 3567
1688 3523
1935 1937
6359 6375
1293 2962
1929 4371
2694 3592
1728 1729
248 253
3376 3952
1293 5132
1103 5464
21 7852
5873 5880
1812 3016
295 4812
2572 2577
4320 4328
92 1534
1102 2169
2611 5723
2617 3733
427 1417
5867 6137
2384 3652
4184 4241
2170 7460
808 2617
1211 5478
6761 7003
924 5980
5827 5848
2634 4886
2634 5034
2866 3152
2057 5867
92 2209
2766 2779
3707 3719
2221 6725
2641 5094
776 5377
230 3392
933 4166
7761 7793
6834 6837
1762 1764
636 643
4521 4886
6690 7239
5504 5511
4524 4525
2022 2096
3163 6628
1732 5568
2660 4654
6220 6495
5885 7665
878 6774
2663 4157
665 668
6148 6298
2349 2368
4322 7527
2580 2583
96 3785
5502 5792
7468 7558
513 5979
7218 7537
6524 7011
888 912
1042 1072
2828 5471
3289 3377
3680 7506
1393 1397
3042 5699
2846 4956
7296 7298
1900 1923
4421 4546
4022 4055
5123 5125
130 4164
3968 3987
457 467
6083 6085
6980 7104
1280 3552
5583 5671
6290 6614
1961 5782
3122 3151
4575 7038
1231 1232
4563 5914
2965 6203
668 673
1231 5471
2518 5448
2026 5888
1232 1233
5008 5586
3835 3846
3635 4859
730 736
2963 4970
1662 6940
1573 4825
2481 4777
6496 6499
5918 7742
6373 6966
3757 6044
5255 5618
1260 1732
7435 7615
4486 4490
1912 7226
7199 7217
1405 1416
30 3752
5684 7407
4589 4590
5847 7270
2365 2386
1895 4315
1405 1437
7429 7441
4594 4595
2070 7818
2656 2658
80 6356
3642 3655
6045 6066
5961 5962
1806 2089
438 1632
1312 1318
7725 7727
17 34
2994 2998
7441 7458
4274 4824
1318 1320
1439 1441
132 4120
1318 3793
3140 5173
2332 2926
261 4477
4041 4053
4820 5761
2858 3794
5926 6642
673 687
3752 3755
1179 3873
6367 6547
5997 6126
3298 3426
7454 7458
1689 7020
3528 3532
2321 4619
672 691
4621 4622
6598 6600
3407 4424
5533 7804
877 971
4884 4886
5058 5068
3289 3345
120 494
5631 5785
519 7543
5394 6246
4177 4204
1041 1085
3211 3259
2300 6634
3136 5073
5818 7270
1726 7781
3058 3140
2760 5445
2882 4393
4813 4842
40 3883
1099 5399
7687 7690
6813 7347
4929 5265
3299 3311
3051 6567
1398 1482
233 2623
2770 2771
7547 7580
3078 7370
4647 4672
2623 2625
6050 6060
131 1099
1475 5828
617 3390
635 667
1037 2517
896 1459
1135 4650
4652 4653
5234 5273
4653 4654
176 368
659 1951
1148 1155
4165 6247
6050 6515
5266 6273
6925 6928
7360 7368
3340 3351
6925 6942
6928 6929
1587 4971
2324 2327
4662 4663
1901 1931
4663 4664
2629 2631
2696 6452
3493 6563
3049 3051
7339 7341
1340 4454
6410 6994
2590 2631
4631 4636
3109 5850
5881 5882
4382 5346
5471 5677
4936 4937
3940 3950
2212 6106
617 5032
6802 6826
7390 7430
3957 3960
6140 6232
3960 3970
1004 6735
378 6136
58 3408
4540 4787
4683 4684
874 1069
6651 6865
2660 2685
5807 5814
1799 4087
6947 6953
1270 3728
726 734
4597 4599
873 2530
4690 4691
1077 3451
5314 5319
1537 1546
470 516
157 3164
2556 4226
2248 2265
2601 2827
356 7766
803 7770
7622 7652
5101 7644
1397 3795
2269 2282
600 1883
2652 4323
22 6072
3949 4726
7531 7544
2826 4539
4855 4870
3106 3124
2339 4755
1172 1429
4710 4711
3575 4130
4855 4861
2645 7763
2833 2834
2700 5152
1901 2651
2262 2339
3439 4459
5614 5619
3439 4019
4079 4570
2349 4431
1687 1777
1357 4907
2901 6058
302 7774
4725 4726
2915 6597
4726 4727
1147 6144
284 4123
5881 5892
1845 6382
1284 5901
4039 4064
236 3260
6924 6946
2079 4958
2563 3232
2327 2333
6045 6102
1735 5195
6631 6642
6391 7814
378 3032
4369 4729
2314 4985
2686 2689
2914 4048
321 3944
523 3179
376 381
237 4558
356 464
5050 5220
6435 6558
715 906
254 7049
30 765
1009 2946
6900 6981
121 3581
5099 5639
6924 6933
1187 6764
6335 6361
1745 1796
4582 7444
1551 6485
1479 4227
6863 7380
3811 3865
2882 2883
170 1433
922 2844
3472 3523
5764 7522
4479 4518
5179 5184
4414 4428
734 1085
2290 6993
511 1683
683 2028
335 7708
281 7753
6324 6329
7492 7496
4775 6439
3692 6584
2078 2639
1707 1716
3953 7381
1808 1826
1807 1821
1530 7556
314 735
1182 4779
6879 7131
623 3459
4708 4715
156 794
4502 4504
4689 4745
2087 2088
4785 4786
4218 7323
2095 2106
3456 3667
1740 1779
1204 2826
3433 3471
4369 4479
6732 6738
3942 4515
4358 7540
2684 2688
3161 6993
3566 7401
2896 2897
2897 2898
1730 2461
2496 2662
1806 2790
4250 4798
2898 6979
2828 5539
7010 7013
1533 1564
6622 7112
1435 4495
515 6742
3567 6275
78 455
2254 5203
6595 7266
5898 6210
964 5291
2912 5638
3189 7677
6936 7019
4795 7013
70 976
50 1525
2688 2691
4 7843
5486 5632
6177 6178
2920 5716
4842 7149
4408 4885
117 411
3747 3749
708 1649
3007 3035
1895 6859
4657 5290
7359 7758
3422 3575
4774 4794
745 753
4960 7772
5931 5945
5961 6219
2280 2453
5961 6010
5962 5963
2202 2940
722 1978
5159 5178
4518 4557
2595 2607
503 3688
7719 7760
5042 5302
2268 3080
5559 5714
731 980
4307 6242
3753 3875
4962 6074
948 2247
4657 6161
4852 7299
7289 7607
2010 7150
2751 2760
4872 6685
1978 5045
6760 6784
3062 3063
2697 2707
349 352
4691 4693
945 3674
5644 6632
349 3761
5171 5254
349 3775
2312 5525
436 6915
2169 5170
1216 1271
1735 2067
6532 6549
1496 1726
6405 6415
801 6431
1701 5127
2373 2377
6360 7769
778 780
4075 7518
3907 4679
7702 7705
543 3829
5338 5355
3876 4339
1626 2966
5171 5174
1335 4669
118 124
4315 6856
2937 4438
5015 5020
1305 5984
640 2605
1753 7017
1008 5461
3551 6325
1749 2544
3053 3685
1073 5644
2391 6969
1539 6463
313 3746
243 5417
1497 6997
129 427
1016 6715
1045 4381
3059 4237
6719 6739
136 171
7158 7163
742 2724
6787 6869
5511 5517
4081 5386
2716 7687
2828 5652
6571 6872
1398 1405
5791 7033
2414 2467
4640 4781
4193 5775
822 1429
3926 4466
4774 6972
5246 7097
1797 1818
7012 7584
2980 5103
1781 6999
7505 7510
7302 7714
3520 3562
1531 4307
2593 2746
131 2655
7443 7547
1614 3688
1294 1536
6667 7777
4029 6027
2710 2745
2260 2876
2994 6061
1715 6867
1423 1972
50 7850
2735 2739
5009 5033
2723 3171
66 5238
4941 4942
1131 1138
3417 3431
3050 7464
2854 7344
1781 1783
7245 7326
5647 5650
2852 7163
3635 4849
2973 7018
4499 5130
6757 6801
2739 4757
5678 5685
3061 3062
2743 6376
2447 3366
2086 6477
4272 4438
1900 7852
4429 4454
4954 4958
2058 6416
1812 2633
7152 7257
3071 6602
4134 4143
1905 3650
5081 5087
6085 6087
2414 6659
611 612
786 5120
1487 3057
70 83
5506 6743
2684 6736
371 379
3736 3738
2738 5135
4092 4439
4978 4979
1392 1515
950 2132
6389 6849
7578 7619
3955 6623
6511 6528
2346 3999
913 4348
1368 2343
6775 6799
7001 7665
3349 3372
2414 4676
2865 7338
410 6806
2216 7397
5684 5688
801 3651
5216 6171
2752 2754
2130 2276
3053 4775
5408 6794
806 3218
2922 2948
2474 2542
5460 7419
825 6248
2875 2877
565 2636
580 802
1120 7318
6053 6058
2409 2412
3736 5117
1551 3604
3593 3622
1610 1657
2823 4489
1288 3265
3706 7342
7787 7790
3919 5178
7360 7379
1468 2156
142 195
3339 3348
3326 3328
1963 1964
1394 1452
659 661
3384 5612
4972 5021
1963 4699
1385 1810
502 526
3889 5907
6090 6091
1861 5024
5737 7489
3677 7392
2970 3028
1570 2177
4079 4265
4928 4943
5831 5842
2239 2272
505 6367
5350 7687
5154 6561
3152 6593
1075 1080
4049 4398
6091 7552
6552 6950
2301 6003
5072 5090
2619 5370
5626 5708
4036 5771
40 2188
5126 6213
862 1366
916 1126
2133 4898
2082 2780
739 743
531 6460
2781 2783
1720 7512
2591 3062
7099 7105
2683 2715
5539 5546
3641 4392
3465 5440
1817 3335
5267 6766
2787 2789
240 6345
180 181
7100 7114
6545 6552
4106 4108
7434 7437
183 185
2850 4534
2784 7263
1969 4768
2818 2858
2295 2300
2359 2457
2300 2316
7735 7744
405 6647
2316 2325
3880 4339
5004 5957
2679 7153
3628 7356
374 6469
3660 3676
997 4060
2648 6305
26 6067
2008 2226
702 1292
2153 6100
2796 2802
2242 2275
20 4297
6108 7551
2812 6031
4049 4054
1776 2664
5047 5281
902 1323
1960 2013
1570 6614
5096 6807
7229 7245
2462 3213
6613 6615
340 3450
5029 6094
4922 6074
383 1274
1072 6350
5105 5106
2253 5203
6457 6466
6123 6124
1880 1910
6123 7515
1002 7668
3750 3756
2980 7449
359 1226
3026 3049
1985 7081
6132 6133
4922 5086
5118 6798
2984 3012
3756 3762
4923 7181
2030 2031
398 1883
1626 1637
6280 6347
1948 7849
3756 5309
3762 3764
6926 6967
5520 5661
2444 7024
7796 7809
1688 7598
2822 2832
3324 3369
240 242
4999 5012
4038 4052
5139 5140
720 5686
3106 3112
1142 6702
1338 2482
4034 4037
1120 6500
139 801
2433 3585
7061 7596
5565 5617
5546 5561
3757 3781
3351 5039
1578 7250
5173 5328
1358 5160
2941 2976
3173 4176
5154 6212
5154 5192
3730 4918
6756 6765
3872 3885
3390 5551
794 803
2225 4105
1424 4205
6533 6534
1887 4540
4205 4244
4628 6890
2836 2848
5198 5221
2487 5072
795 3467
7151 7164
6247 6252
1321 2306
433 437
799 7477
6749 6757
3468 3483
2702 3734
288 6020
5810 7319
7196 7201
4976 5370
4676 4678
7589 7591
6926 6946
2795 3428
5595 5605
245 5744
4829 4843
3384 5122
773 6292
3387 4288
4829 4868
5470 6449
4971 4986
2713 2722
1037 4463
3879 4374
6567 7230
3195 3364
4843 4845
5190 5191
2880 4658
5191 5192
328 331
3258 6259
2525 6788
7228 7247
5114 5133
5148 5682
592 5245
4051 4073
7247 7254
3765 5134
6723 6725
441 6138
2576 2606
1764 4489
7254 7262
4558 4563
3865 3886
4900 5553
2635 2637
6754 6756
2635 2646
5317 6025
5486 5495
2017 2191
7323 7340
3570 4478
7340 7350
1862 1880
58 69
3516 4419
5603 5714
2645 2646
208 4119
2513 6954
6956 6972
1922 3721
3637 5706
2591 4394
3871 7220
109 4040
7583 7596
3603 7185
5231 7299
3575 3791
4536 4722
769 6200
2854 7342
460 7226
2574 6316
5183 7315
2277 5581
2429 2432
2264 2335
596 5551
1470 2377
4 1488
6893 7120
5554 5635
2574 2674
5351 5371
2723 5893
5250 5287
5250 5288
2504 4104
2864 2869
5391 5986
5391 7567
798 2033
460 7506
6766 7478
4556 5318
1608 6473
4730 4732
7414 7418
7103 7133
6990 7009
3380 3389
5263 5284
73 74
3124 3361
4868 4874
3393 3398
6675 6683
3369 4333
4601 4694
354 4299
3705 3826
5197 5201
6300 7136
1339 6032
271 674
637 642
2733 2736
5097 5123
7403 7420
2430 3577
544 7498
5279 5284
4810 5298
892 1098
5279 5280
742 747
5237 7374
6622 7129
455 4097
2238 5888
4734 6900
2174 3160
2313 4528
4077 6950
5292 5293
2703 2738
5292 5308
2736 6630
2878 7275
7620 7627
5607 5713
1002 7211
1223 1234
2504 2506
1458 2835
3770 5107
2160 6061
4229 6817
1013 7463
714 3741
3491 6803
2415 3243
3088 3098
6987 7000
4165 4172
1053 2242
3103 3306
4441 4687
3306 3310
6050 7536
1520 6900
5698 5704
1279 1291
5206 5209
5197 6599
1065 6343
1018 3883
4888 4957
2379 2888
3966 5929
7463 7470
3925 5122
2886 3095
3508 4843
6007 6018
426 1775
3411 3422
6635 6638
1341 2618
211 7714
830 4461
142 152
2328 2380
1635 7321
2294 6624
3411 6695
747 2610
4912 4919
3712 3826
6619 6791
4919 4925
5209 5212
90 1381
5546 5649
1991 2003
5209 6649
2831 2838
7470 7471
2118 2119
7415 7421
4284 4288
3098 4451
127 6736
3471 4829
480 4864
5628 5635
4352 7461
4593 4982
3149 6820
6167 6178
2881 2885
1509 5341
4021 5771
3891 3896
1269 6949
2296 4489
917 956
4893 4895
4243 4494
3405 3413
4574 4805
4677 4702
3610 3791
5885 7602
1475 3026
2732 2734
3591 5614
4705 4712
3569 5826
1903 1929
7568 7798
6551 6573
2887 2947
1987 3892
2123 2124
3175 5153
5171 5880
3896 3898
5636 7104
7289 7845
4842 7089
1198 1216
5382 5383
956 962
5383 5384
5384 5385
2251 2253
964 1038
962 969
5741 7229
2911 2913
4056 4070
5388 5389
138 590
2889 2903
4936 4948
5389 5390
5389 6484
5390 5391
840 896
5391 5392
4647 4650
7466 7474
2903 2905
1899 6648
3084 4391
2905 2908
969 978
978 981
4478 5354
2908 2915
2124 2125
3607 5593
3951 3958
304 1592
2915 2918
2124 2769
735 4436
2842 5227
1951 2595
1633 2823
2889 2918
6365 6368
1388 1402
5522 5578
621 676
6319 6321
5412 5413
1837 6940
5136 5210
7126 7146
2592 2846
7449 7452
1865 4017
5415 5416
7449 7482
6319 7319
5418 5419
947 3504
1485 4129
5419 5420
4633 4648
5115 6788
5420 7673
7001 7549
5658 5660
33 2647
7452 7455
5423 5424
7428 7514
5424 5425
4341 6937
5425 5426
1504 1507
5426 5427
7452 7485
5427 5428
44 2296
5177 7847
5428 7729
4680 4682
5430 5432
959 1131
5431 5432
165 175
201 206
7455 7487
801 821
1426 5604
5433 5435
5435 5436
6693 6728
3901 3904
4609 5641
6360 6451
1334 7472
234 5592
1238 3437
4848 5747
459 546
4947 6010
750 4156
6329 6330
5444 5445
5026 6790
218 802
3938 7847
3789 7590
2326 5441
5 5986
5449 5450
756 6473
1348 2700
15 4585
3911 7563
3606 3631
4175 4181
2382 2961
4182 4556
5257 5282
7201 7425
5456 5457
2512 6954
767 1676
6138 7174
5830 5864
6488 6530
7356 7359
2599 4974
2385 5120
2692 2949
1988 7803
3949 3956
4140 7298
569 3379
5879 5885
2860 2948
2133 2749
6368 6442
5409 6216
5467 5468
1601 1825
5468 5469
5468 5748
2549 2800
5469 5470
5469 5919
7585 7595
5561 5568
3126 3165
3805 3830
5472 5473
5538 5540
5473 5474
6300 6677
5474 5475
3109 5801
814 829
155 3081
6068 7327
3031 3032
352 6028
7482 7485
6786 6788
2854 4306
1130 6280
340 3213
1919 5308
5359 5365
5481 5482
306 5591
840 1459
5482 7224
5460 5645
433 6813
993 995
678 709
2336 3690
5488 5489
3774 3788
2484 6227
4379 4407
7131 7809
3676 7336
807 3707
4830 4836
3261 6383
5611 5713
365 859
3646 6829
1588 4347
5007 5010
4361 4383
1910 3803
1013 1032
1461 2835
5501 5505
4781 4807
5618 5689
4077 4228
3180 3342
3010 3400
3889 4273
6358 6598
4620 4748
5507 5508
2625 3740
6605 6608
2567 4686
1032 1036
67 1860
2753 2759
1919 3841
1993 3100
612 614
3528 5675
5183 7833
1637 2108
5183 7824
3529 7354
2853 4187
1254 2979
3526 3527
2979 2981
373 5736
5172 5816
5030 5032
7705 7709
3087 3172
468 7789
2219 2221
870 3555
1568 7501
2221 5598
1754 2117
873 4555
3909 3914
5675 5711
2986 2988
2106 2113
2988 2990
5533 7814
5270 5277
2992 5446
5174 5417
6366 6370
2027 2030
5537 5538
5537 7404
1303 1679
202 5467
627 1240
2652 2705
6870 7395
5540 5541
4016 4030
2764 2775
5541 7410
1490 1495
1323 7726
3611 6040
7713 7803
5544 5545
1697 4623
1936 2714
5225 5302
1476 6369
5071 6544
438 3758
1614 6000
4780 7055
4986 4991
5548 5563
3788 3791
2998 3000
5168 5197
55 3646
1560 4134
3002 3004
3223 6251
3679 3695
2477 7809
2301 2609
5557 5628
5558 5559
27 32
5558 5603
4012 4047
2435 2437
735 2166
4376 7691
3007 3010
514 3010
3779 3787
5562 5567
3279 7352
5563 6398
3733 6553
5562 5563
3787 3788
4991 5005
5548 5567
6870 7023
6165 6174
2451 2457
5573 5574
528 6627
2089 2147
7656 7658
6978 6997
7023 7026
7023 7107
6419 6420
5660 7510
6419 6421
90 3590
6421 6425
5706 5719
4459 6930
5656 7502
2189 3173
1789 3565
1356 3015
2249 2250
3693 4868
3139 3143
3549 3552
1744 6189
858 861
1079 1092
1751 5588
1631 1809
694 715
5065 5066
6868 7276
2705 3036
7535 7540
3323 4857
2321 2342
3818 3821
5000 5930
1571 1573
4782 5067
4321 4350
220 1452
3385 3418
2679 2736
3261 3262
6245 6299
3418 3434
3754 4640
1310 4132
3260 3265
7658 7660
3914 3919
7406 7407
2935 3389
2319 5888
326 3616
628 6706
2332 5396
2968 3578
5623 5737
2758 6235
2544 6244
3272 3280
4835 7106
16 2457
6324 6584
3280 3281
1124 6775
2279 3033
138 582
5631 5632
2513 4840
5632 5633
2633 5976
5866 6207
4078 4196
3033 3035
5634 6066
4330 5074
1042 1052
4001 4046
6346 6363
5637 5638
1985 7090
1757 4903
3286 3287
5639 5640
1940 3930
3287 3290
5135 5144
1838 1869
760 877
5642 5643
3290 3291
2445 5072
1434 4548
1006 3883
3291 5974
3416 5080
5186 6188
5647 5733
2615 3389
6428 6433
5965 5969
3299 3358
6715 6735
5230 6129
2282 6525
634 3232
5655 5656
2920 4539
3041 3054
6886 6896
5320 5330
2277 5574
7347 7348
211 7855
3847 5538
4029 4671
1955 1969
4608 5637
3003 7611
564 565
6167 6177
3346 7831
4467 4486
4467 4739
3939 4008
5666 5676
5667 5668
5518 5536
2278 6286
6456 6458
6145 6149
1136 7387
826 2196
878 5875
5098 5146
3791 6695
2867 6142
3603 5780
3203 4976
2844 6269
3808 6509
6458 6459
1204 2065
5186 6223
1377 1383
4075 5978
6458 7173
4043 6837
3202 6234
5932 6619
4160 4163
4746 4850
3358 3359
1945 5985
3359 3360
2309 3347
3070 3079
826 6066
6049 7790
3600 7044
1159 1168
4023 4096
3373 5887
3874 4360
6465 6471
859 2748
5148 5690
2414 2473
3236 4619
4330 4362
3689 5477
2600 5627
5875 5990
4470 6533
4527 4605
2543 2551
4344 4632
6472 6473
5990 6017
6960 6982
7161 7233
3658 3721
210 4759
952 955
5715 5716
5715 6916
3845 3848
6886 6901
3845 3855
4706 7412
816 6718
4477 4480
1803 6708
3399 3404
3080 3097
2888 2896
3138 3196
3070 3099
5106 5118
6190 6217
5407 7710
811 5295
2748 4368
4454 4511
2001 2020
721 6919
7380 7695
3067 3216
4800 5373
5236 6976
7679 7696
4817 5038
325 2127
1504 5926
359 3109
2943 3008
5741 5746
5142 5253
6146 7481
922 939
1114 1141
1633 4871
329 3745
5505 5743
5745 5746
3888 3892
1988 2034
618 703
1272 6181
2889 5130
3111 3115
3115 3117
2197 3430
3950 4415
1923 4482
500 1986
6187 6218
578 4271
1434 1449
1163 1639
3926 3932
974 1058
3868 3872
6982 7666
5017 5021
988 2158
1069 1218
3507 3510
4337 4999
4096 4161
5462 6697
4111 4130
6637 6724
4111 4161
569 4563
466 2883
5768 5769
6369 6919
428 430
5769 5770
5187 5196
5770 5771
5770 6885
5071 6935
4555 7371
878 5205
3125 3130
5844 5861
3680 7231
5108 5113
1127 1524
161 250
1255 1259
845 5112
7246 7330
1749 2060
3996 4082
5950 5955
1260 4320
1613 5204
5782 5783
3720 4868
5783 5784
4825 4971
3328 3368
1896 1902
1330 3880
6907 6911
3258 5879
2565 2571
3363 3392
3549 7037
100 1540
38 6083
6100 7305
1771 5294
5891 6336
4396 4921
6518 6519
4700 6176
2020 2023
349 1150
6453 6457
1655 7228
2226 2532
7028 7047
5798 5799
3954 4515
1136 2742
5799 5800
6220 6284
5800 5801
189 3372
3515 3538
5523 5929
914 5979
2665 2685
6573 7576
744 834
1958 5229
1950 1972
5796 5801
5810 5811
4807 5165
1169 5162
5811 5847
2067 4835
963 4250
6129 7164
4463 4474
1325 4258
5806 6279
3468 5439
486 5137
3745 4401
3129 7061
4519 7473
1658 3899
107 115
3954 4362
5821 7421
2172 4898
592 596
402 4965
6996 7001
270 5421
3933 3942
5217 6805
833 5608
2658 3726
1261 1263
1038 1046
2866 7135
3145 3160
7106 7117
3929 3930
3766 4634
1752 7084
1246 5274
6900 7120
4973 6711
630 7642
2193 2196
5787 5966
274 6998
3189 3193
4651 4680
2640 2648
4796 4805
2882 7492
162 553
3619 6183
6181 7197
1615 4149
1264 1270
6365 6543
73 4160
176 179
749 4924
2838 2845
1106 2933
3963 3964
2724 3716
2517 5835
6418 6420
2632 2779
3964 7381
5941 5943
4123 6432
625 5863
1164 5017
3207 3209
5444 5515
7470 7664
3995 7686
5868 5869
1179 1225
3029 6811
6367 7127
3003 3046
1842 2364
3209 3214
3593 3598
367 3753
1887 4787
715 7288
3967 6725
1596 3217
2924 3374
5878 5879
3022 3024
908 6120
3547 7303
666 3651
7711 7713
2174 3169
338 2463
5866 6250
3217 3220
4685 4699
2072 2075
268 3911
2218 3408
651 2409
5889 7462
5889 7473
4693 4701
5259 6761
3908 7117
4379 4388
601 630
7161 7615
1349 7430
3221 3406
5896 5897
5896 6096
1193 7225
5897 5898
5897 6194
3311 3688
5898 5899
411 3714
5898 6194
5899 5900
5899 5989
5643 5951
5900 6295
147 430
2771 7364
4997 5026
5902 5903
723 733
5903 5904
1556 1570
5904 5905
4008 4264
5905 5906
2032 7165
3883 4178
5461 5492
2444 5906
1783 1798
1552 1595
2882 4378
3978 4013
324 603
4 57
1896 7247
3862 7168
2077 2776
6742 6752
4291 5993
1374 1399
5917 5918
6699 6703
4892 5283
3855 3864
176 5919
332 5910
1125 7318
1304 7421
280 2748
2747 4685
498 2576
2206 2666
2029 5988
2185 6500
1771 5292
1157 1946
3558 3561
280 6077
5633 5759
5931 6642
698 706
4408 4410
3561 3568
3463 3466
4973 7236
4336 5781
5089 5096
1070 2990
851 2192
3868 6674
2939 7674
1695 4873
5400 5859
1923 7848
3182 3255
5636 6980
3776 3783
1928 1932
7810 7811
2482 6236
2082 2790
2473 2475
1967 3776
2041 2049
6091 6097
6385 7086
5323 5342
300 5953
1371 5999
1343 4811
3613 6712
1334 6648
1600 3286
4084 4093
3235 3269
5103 5133
940 6010
3269 3271
1656 7316
3271 3282
2155 2165
3977 4024
5551 5981
1368 5544
1878 7817
6846 7019
2002 3047
1487 1532
5654 5661
384 390
3269 3282
5266 7321
1011 2412
2637 4123
0 2
5145 5480
1875 1904
6362 6377
4266 4337
3852 4073
5750 6816
12 18
996 4313
5752 6704
415 4234
2301 6818
1046 1131
4617 4708
4547 4916
5894 6927
2230 2232
5723 6045
230 5691
12 36
14 235
2795 2836
4027 4612
7651 7655
4529 4534
608 1466
2707 6995
5732 6514
132 288
6221 6243
6308 6335
53 59
59 61
1159 1213
1755 2354
3569 3766
4536 4567
6945 7089
6901 6907
3092 3638
826 6141
1726 4877
1163 1222
3294 3307
1922 3176
1192 2363
2337 3627
77 84
6210 6239
84 87
6239 6242
1368 1438
2165 2170
87 97
4753 6075
3308 3314
5148 5152
77 99
3314 3320
7267 7271
688 691
1562 3435
104 112
6528 6536
1343 4240
1562 4409
843 2161
4722 4838
6121 6160
2478 6620
2322 2330
4339 6135
851 5210
2049 2066
3623 6377
823 7447
3790 3850
1887 5063
1521 7828
2895 2930
6009 6385
1521 7837
3470 3501
154 157
157 159
4034 4087
12 6222
159 162
4255 4372
162 164
776 6222
164 166
5285 5461
2615 5987
2817 4296
384 1788
1313 4197
1734 3611
507 3341
63 1493
3078 5123
69 80
3086 4216
3004 6531
1386 1754
6681 6698
1763 1800
2940 5102
5988 5991
3138 4273
193 197
1003 3183
197 199
3350 3352
1935 4932
5213 5217
204 207
4274 4837
607 7218
2163 4237
6916 6922
85 4185
3446 4095
4822 7206
716 1792
326 328
424 4615
222 226
5378 5406
5453 5484
229 233
2206 2545
1108 7509
631 3513
234 237
2647 5896
2647 2756
3310 3339
2025 2525
2006 2298
3669 4507
3238 3362
7268 7343
3963 3966
7182 7835
1240 2116
14 828
3745 4238
5251 5263
253 256
4659 5135
2615 3022
4621 7385
257 260
1804 1811
3274 3366
6383 6689
7700 7727
3917 4639
260 269
269 271
4537 7443
120 6627
271 273
6615 6866
1896 6773
274 277
3796 3799
1670 3697
5098 5536
4335 4352
7493 7527
1585 3513
1193 1199
4295 4303
2305 6225
287 289
155 165
792 1221
2160 4710
3663 6518
7336 7338
298 300
6652 6793
3972 3982
1407 1422
169 7351
6422 6443
3087 6987
136 147
353 408
5296 5934
5146 5175
308 310
408 471
715 5353
796 1868
310 318
561 620
2427 2439
6960 7645
1587 6745
6014 6023
324 326
2449 7024
2439 2455
3072 6987
218 220
335 337
7357 7460
7736 7802
335 610
3938 6143
3918 3927
1502 4910
1730 2692
1721 1765
2260 5237
4160 4876
3386 3388
1237 2460
360 363
3327 3329
1733 5969
2809 2826
620 987
987 1030
6109 6887
5553 7617
1208 2951
7737 7740
2244 3002
372 376
3329 3331
5382 5884
4550 4598
3576 3648
381 383
4657 4719
1976 2407
383 387
368 5502
2683 2717
1424 1442
4239 6552
547 1105
389 396
396 400
248 3148
5927 5947
2227 2263
5572 5579
2240 4250
3391 3395
406 414
924 1262
55 415
39 6464
415 417
1281 4270
417 419
2480 6236
1089 3245
419 423
5049 5097
423 425
60 425
672 775
4995 5002
1869 7803
3902 4272
426 432
323 336
966 974
3400 3402
1150 1266
3777 6446
5018 5102
237 3452
4434 4437
1271 1516
5901 7598
6200 6292
4656 4953
450 452
6546 6562
403 453
4207 7445
7027 7082
3219 5705
868 1305
1273 3748
3907 4672
372 468
2283 2287
776 6550
999 4147
6331 6334
1009 3291
3484 5691
3409 6064
1054 1077
473 479
1395 1456
409 7671
3922 6581
4828 4855
479 484
5915 5925
3594 6546
2217 2222
1030 6263
489 495
1624 1629
4368 4571
3564 4557
3932 3985
497 501
1788 1802
4583 7016
5409 5590
1458 1461
501 507
1821 4254
507 510
6412 7260
1626 1654
39 272
1273 1290
3957 4817
426 1325
511 515
629 5741
515 517
372 7081
3591 6562
1285 1394
5634 5708
3667 5344
696 1927
3784 4774
3497 5351
2656 6522
1775 6523
362 1657
3801 5545
51 6898
2726 5418
3760 6846
545 1264
5675 6737
7031 7841
5852 6646
168 1790
5444 6733
3105 7371
3299 6000
1792 2486
5192 5221
21 7816
994 7175
1876 5378
919 3232
244 613
1912 7035
598 2351
712 7271
1238 1562
2943 3009
5073 5965
3423 7411
5627 5635
707 5045
2686 4003
2919 7618
4705 4713
1174 6564
442 852
1786 2667
953 7817
2248 6723
831 1295
4510 5006
3714 4339
2706 7633
3295 3325
3379 4558
1893 4666
1287 1490
4309 6105
1894 2649
1505 2223
855 7720
1464 2174
1443 6362
1273 3552
2235 7828
1934 3960
1907 4498
3184 5648
467 6172
597 6314
7761 7805
547 6934
4308 7255
1206 1451
1918 6257
792 3986
5019 6001
6676 6822
5524 5576
1341 1562
4404 5712
1456 5073
4990 7827
4120 4494
5158 6208
1427 3026
196 7848
5892 6934
997 4061
1224 3263
1865 1930
601 2658
5760 6664
411 6943
3091 7501
1430 1455
3445 4047
5763 6898
560 7710
2293 4110
3514 4252
1262 6487
4035 5359
4865 7588
4852 5402
1148 2951
3675 4054
421 6012
0 3
1070 1240
2574 2591
2850 2851
3087 5599
3495 3575
3420 3726
5174 5744
5464 7353
1528 2021
799 3733
2720 5344
4145 4149
1082 1208
3069 4988
168 1660
1368 3383
5643 6116
5532 6406
203 7354
3641 5940
3082 6465
2640 2932
6121 6324
4125 4213
1387 1556
3102 7640
1841 7686
1720 4174
444 7399
4079 4441
5865 6153
2352 3161
1826 4697
2973 3392
376 4869
1478 2605
3164 3934
379 5798
432 4240
2431 7288
2718 4896
557 5932
1432 1435
646 4635
1319 4565
3332 4976
122 4280
4890 6720
905 5773
202 3689
330 1099
1465 3028
3301 3307
626 1941
2384 2433
4671 5908
3586 3651
2243 3616
6317 7704
882 2519
4980 7222
1480 2605
4244 6356
4476 7842
100 4943
3631 5751
3928 5267
5338 5495
111 1523
3291 3335
389 402
2697 5193
3113 7290
1872 4697
2849 3327
3767 5317
5496 7265
96 1527
3121 6638
4615 5006
3072 7000
1438 2377
260 2895
2598 3670
4278 4290
3373 5886
2982 2988
2090 6718
3594 6666
2701 3949
459 7792
861 885
4306 7344
899 6278
1981 2277
1114 6892
2466 7815
4372 6528
809 2576
4010 5749
5723 6404
7577 7640
506 2307
3852 3871
8 2359
644 3698
347 4629
4367 4904
3718 4688
2640 2650
7242 7412
1050 4324
5603 5708
2376 5680
4555 4945
23 7819
819 4759
1199 5313
240 3499
926 7845
4194 4345
185 748
480 5220
435 641
1642 7279
3058 7000
236 6001
790 4554
3899 4346
46 5988
122 4008
7487 7801
238 2311
6226 6233
6373 6412
611 1945
905 6272
891 1130
1666 3448
2069 5586
791 2850
3154 6842
3548 4522
809 7586
443 3337
3543 4264
246 5744
459 2235
5840 5869
6062 6422
1698 2959
5057 5285
3731 5165
2460 5759
1108 3144
322 7472
429 692
6256 7678
485 2536
112 963
2166 4748
1794 7667
583 6407
6209 6585
5503 5856
5746 5818
2182 3916
1034 2892
5735 6453
1750 5103
4502 5892
4197 4696
5736 6457
2911 5519
3470 7403
990 1373
1039 1525
1171 6025
4767 5644
3224 4003
1660 3931
5238 7728
4505 4506
2608 6588
4848 4927
1126 1743
1673 4434
585 5014
2299 2984
2723 7473
5656 7599
884 4485
1217 1223
5297 7651
2375 4193
200 4493
52 2862
4877 7306
1098 6025
586 7129
3179 3246
4309 4457
1136 1760
1814 2335
904 6618
2743 2752
5187 5190
309 350
1275 1503
6548 6779
7010 7293
1096 1146
2058 4531
1018 1022
150 4614
491 2883
1096 1268
982 2432
3262 6409
3239 3352
4352 5950
2752 3208
7133 7474
1082 1230
4182 4552
3974 4259
3358 5388
1917 3552
1916 3552
3994 6848
3334 7411
315 1973
5391 5754
344 6576
690 727
1104 1424
3190 4901
213 2496
339 2463
3090 6390
2129 2759
4379 6582
2816 5293
3612 3700
1679 3775
2188 3878
2123 2769
679 7047
5431 5433
5148 6960
2922 2939
1740 1880
54 2743
2875 7138
5101 7041
2839 2841
4994 7370
4346 6040
1953 2624
2624 2630
1597 7253
5734 6946
6198 6611
6209 6611
594 4529
281 7570
2236 5133
2956 3827
249 5019
728 6505
3411 5887
1584 6306
1294 4235
989 6774
5752 5777
5862 6919
35 727
3108 3909
6266 6315
3313 5699
936 1021
3459 7033
616 3185
1477 2306
2630 3900
3876 3880
2522 4945
3986 7406
3138 3890
2999 4112
2472 3877
1361 4203
5747 6325
2407 5485
795 3441
6267 6485
1868 5945
4058 5462
6375 7653
772 7653
3455 7652
4218 4860
792 3970
5368 5378
6903 7634
2382 2692
1712 2981
3699 4695
4593 4818
1300 3927
857 2281
5208 5210
312 3774
5940 6117
351 7341
5323 5450
433 4140
2651 3010
2673 4112
3421 3726
1809 1865
1775 4145
1316 4145
1235 1245
3953 6675
4217 7399
202 1192
2413 4654
4153 5777
2398 3028
2621 2769
6009 6657
1379 1398
6758 7742
4561 4632
1391 1429
1986 2915
6107 7778
4283 4862
4357 5687
1206 1246
3818 3952
4068 4103
1066 6554
1512 1723
2234 3652
1004 4449
4751 6770
4023 7704
1240 5131
891 1230
5110 6201
158 174
6451 7472
244 1608
25 186
485 2470
3223 3909
139 6455
497 533
681 5430
2475 4559
3016 5832
954 1039
6077 6299
7336 7367
2285 5472
2573 2574
1231 3122
2534 4897
4281 7454
1114 1674
406 2510
4601 5448
1984 2524
235 6718
416 4471
3945 6839
2494 3139
2624 3900
1689 6981
7037 7039
5405 7831
5145 5437
781 4823
917 3263
6398 6404
2041 2328
353 727
86 5481
642 5464
902 7728
5282 7149
3289 4506
601 7642
3167 6861
1349 2901
1683 3009
1859 4524
226 4701
2877 3387
1733 2918
2734 3948
2410 6864
2209 6614
3108 3898
2772 4655
168 1779
3954 3972
5124 6215
713 6639
5671 6802
164 5740
5735 6411
815 7436
2310 7199
198 7832
478 6068
1314 4134
4830 5795
2110 3158
130 132
3623 6391
7713 7748
3399 7414
2560 7815
508 4461
2648 2650
2381 6509
5491 5886
6375 6447
1373 7201
289 1000
800 4347
912 3232
431 590
897 1515
1110 3402
3104 6004
5413 7681
2492 7720
833 2194
6107 7420
3022 3346
6567 6657
2657 6242
214 2695
1526 2919
7367 7375
1434 7456
4545 4575
1716 6090
4638 6808
5869 6259
6308 6346
6477 7328
1677 4653
517 2890
6704 7512
1028 5489
2065 2920
3517 5171
1895 6615
1199 4293
6400 7798
1929 7016
874 1653
6300 6373
1803 2938
951 7712
114 2868
808 820
6703 7830
4029 6243
1281 6943
4993 5091
1191 4214
855 3916
1800 4394
3957 7497
2357 4174
5605 7104
2612 5842
1484 4603
1488 7737
3190 5799
569 4450
837 7404
5763 6129
1465 1551
522 6897
2490 3165
1449 3175
82 5479
6863 7695
5104 6595
2947 5193
662 2862
109 223
4731 7397
5356 7321
5773 6889
1665 5026
4771 7616
1676 6505
3149 6993
2946 5974
761 2506
1699 4879
1064 4804
4862 5452
983 1922
3002 3388
2418 2558
4263 4352
5416 7756
899 5862
1157 1830
3803 7035
1641 2591
522 5858
6414 7067
5737 7441
2012 7069
2064 7070
3184 4641
2093 7073
1752 2153
2887 5402
209 2190
2205 3253
5138 5798
2109 7074
390 470
5734 6539
712 7832
5128 7546
617 1945
4969 5274
143 7761
5942 7047
3073 3263
4309 4399
1919 5279
795 3576
124 7149
3440 7105
4064 4075
1401 1420
3063 5233
4802 5880
3019 6605
821 5582
1026 5412
3769 5099
844 6250
628 1888
6586 7148
180 2306
210 7800
3782 5544
1724 1733
3432 4254
2369 7239
1988 7792
3684 7154
4055 6022
2930 3174
1351 5056
2677 2707
2236 2980
5735 6489
2452 7163
3224 3571
219 2955
280 1108
1276 4320
266 7766
2206 2593
3769 5640
2858 5344
831 3545
6792 6894
4553 5291
2097 4967
2653 2658
5010 5098
4582 6481
2643 6722
1583 3229
2757 4684
915 2613
3203 5709
30 6550
190 4830
7163 7496
950 2176
2214 5472
1165 2479
469 6068
418 424
880 3011
3172 3194
6988 7226
2374 5321
2375 4209
3057 5544
7393 7436
863 5608
2645 6136
3204 3571
183 2508
5089 7276
44 1633
635 3651
695 3934
2115 2519
4581 5155
2025 2523
691 3935
919 6397
4359 7255
1528 5812
6803 7138
555 7494
198 7276
2060 2191
2159 4938
2553 6353
6721 6804
451 6410
3578 4204
3133 6194
4844 5602
70 1525
2074 4155
957 3400
3081 3805
1219 1230
2240 2259
1247 7284
2073 2833
144 7693
884 2287
116 2673
4905 7293
381 3475
550 6441
6906 6954
6468 7765
1313 4133
1101 7309
1093 7309
7119 7135
2393 4216
5050 7156
23 1353
28 7601
3730 4911
3368 6312
2110 3220
4511 5160
2213 4549
4511 5167
3438 5673
4776 7651
4489 6812
4529 5922
3792 3815
2208 7364
2863 5223
4411 4413
2087 2092
630 4020
1746 2728
37 7601
2287 4495
1578 1776
3163 7473
1838 7713
187 7341
3125 3131
6063 6409
5921 6228
2916 5240
3481 5242
7233 7546
1300 3931
4472 4840
2192 5184
4266 5462
1470 4626
3280 3360
3053 3677
2205 5319
5177 5180
6445 6476
524 777
383 3473
1456 5965
6010 7244
5003 5004
1724 2881
3870 4881
6201 6559
1097 3236
766 1393
1963 2669
7545 7630
5911 6144
6621 7325
2275 4733
6048 7324
3757 6693
1972 3678
5204 5363
6360 7472
494 1833
6389 7418
2778 5709
1449 4691
1733 2881
6802 7426
4510 5189
3999 4695
4708 6156
3868 6667
192 5680
3244 7742
1601 5005
391 1340
1741 7580
1715 1720
2767 6136
376 1181
3135 7061
2774 5706
1948 2630
1315 4145
6062 6429
953 7803
2266 5819
2880 4663
1029 5413
4504 5922
2617 5970
443 4148
905 6898
1885 3721
6815 7348
1101 1360
2174 2545
865 6029
4283 4863
1175 6390
588 7585
4430 5572
3744 5016
2471 2547
39 186
2649 3408
4901 6881
745 1486
5971 6394
3406 3423
1539 7333
921 1442
781 6944
482 6115
4662 4724
2179 5179
4415 7497
7435 7546
3261 6079
723 751
4641 5132
5171 5744
1312 5542
5346 7279
4762 5342
6423 7632
453 6370
5414 7089
4393 5434
205 2873
3190 6881
1281 4399
3211 5953
3322 7523
895 1137
6459 6462
704 7523
3170 6726
5624 5997
4186 4193
2559 7371
1225 3639
1654 6801
4909 7852
3160 3188
964 992
2639 2678
2672 3464
6309 7588
2509 2535
4492 4739
771 3341
2670 3956
2740 3956
770 6381
607 2760
2073 2826
11 7056
1084 1087
1229 2152
5283 6216
2672 4317
652 2411
5812 6910
1143 6702
983 3321
6754 6765
955 2191
5878 6250
5789 6110
2111 4181
2011 7175
2797 6943
2919 7778
1888 3573
3141 5259
2502 3288
2756 6104
1292 3546
916 1742
2840 5218
1198 1484
4272 4439
3138 3896
216 2496
1069 6405
1324 4822
1373 3699
506 3336
550 5932
1969 3202
3184 4565
2437 5549
4638 5629
239 324
5704 5825
945 5489
2996 3948
4863 5243
1396 1706
484 5673
1460 5157
2870 3329
5131 6218
3060 4641
1164 5021
530 1264
134 2871
5381 5486
2237 5541
1113 7077
506 616
2076 5077
669 678
7193 7214
1548 3383
353 2599
949 1443
919 3402
3537 4570
1162 1445
1634 2021
4573 6561
1695 3573
353 6853
681 3229
4980 7422
2241 7437
486 2229
3318 7286
2208 7499
2678 2747
6654 6679
3977 7328
2394 2961
1083 4170
5777 7077
2569 2961
1815 7128
1851 5236
474 1000
5234 5363
4962 5208
3457 7024
4585 6082
5076 5173
144 7681
358 6508
1326 3843
6042 6300
2859 2869
3837 4671
5032 5551
1953 6234
5674 7584
6755 6852
2115 4601
4527 7358
58 4071
893 4440
1956 3202
3683 6726
3133 3347
1375 4078
2198 4201
1724 2915
906 2402
2817 5615
4404 4679
5079 6350
1359 6069
645 3725
4303 4324
1252 4539
763 3582
4282 5860
3340 3369
3228 5509
1191 7306
790 1714
772 7667
5414 7027
1202 6531
7182 7849
3118 7717
1518 1578
2298 3188
983 2164
2958 5018
2 4835
2730 4344
7154 7329
1770 6234
3283 3503
3913 7729
4137 7730
2194 6141
182 7732
5147 5269
3082 6133
3487 5895
3911 4336
7528 7568
4703 7745
6730 7480
2532 7367
2303 2344
1617 3674
5305 7747
2675 6476
5358 7749
1388 7020
5805 7750
5158 6215
4366 7752
1761 7652
4331 7755
4354 7756
3810 7154
663 6812
2069 5002
2955 3136
1644 3048
3430 3783
1667 1766
2401 4384
1160 1569
2439 4559
3576 6731
141 4449
3762 3773
1238 3435
1722 4653
758 5018
1664 3555
427 6336
2346 4773
143 7715
3067 5153
954 4061
6129 7151
611 617
4415 7474
511 2929
1799 4053
2875 7003
1016 1193
20 7856
1536 1635
3784 3786
3619 5159
7765 7849
2013 2585
1141 1369
2095 2133
3461 7403
7116 7121
939 5866
1532 5542
998 3954
982 5628
3538 5537
1056 5060
278 5234
3057 5542
982 5635
3473 3475
171 5566
1348 4581
2966 3047
4356 6912
586 6438
5813 7847
769 3719
232 7846
975 6362
3579 4294
4451 5706
3218 6664
6256 7559
1601 1630
3474 3476
1194 3098
4024 6470
2139 7798
1597 3122
5594 6488
4926 7246
5623 5697
462 3185
3180 6357
4926 7222
5454 5966
3611 6079
1588 5365
1296 6662
1215 2816
5624 5832
1789 3529
4270 6943
192 495
6179 7195
457 6498
5610 5616
902 5488
1546 2216
5059 7726
3591 6546
3902 5249
2402 5243
325 2092
1287 1495
461 3587
209 2952
3710 4072
1566 7468
234 5267
211 7675
2088 2092
2982 6236
6576 7314
1505 2233
293 296
5150 6365
2319 3278
3920 7332
1814 2938
1795 2938
2070 7793
2684 6422
1780 3927
1336 5547
5597 6648
405 6287
4734 7202
965 6362
2116 3857
5278 5910
2566 2569
578 7297
506 3185
1194 6235
104 2194
171 5647
2271 5727
5733 6147
1692 2957
6351 7653
4766 5171
960 7803
4823 4979
3876 3884
1985 7811
342 1670
4207 5045
1042 7559
4465 4494
3033 5217
4765 6053
7165 7223
1741 5271
897 6525
7017 7284
3640 7125
445 1736
166 4010
6589 6998
557 5998
2008 4941
3840 5020
1720 7524
2751 6719
2284 5475
645 6463
32 2332
5587 5601
2275 4770
336 4445
429 728
3191 3195
5356 6231
5443 7833
3115 3757
392 6258
1638 4234
5495 5765
3332 6350
4552 5301
5590 5742
2083 2089
2418 3725
4218 6338
3300 6751
6522 7642
4569 7370
183 7453
1531 5902
5939 6934
4136 7253
3089 5989
1106 2581
2058 4967
1191 2837
6538 7403
3865 6667
737 4341
1081 1086
4617 5321
7090 7810
1263 6463
4742 4825
4875 7655
2307 4701
7671 7786
576 927
1872 6155
3422 3791
744 5002
147 6768
2119 6756
418 1293
478 6652
3509 4359
6609 7146
1116 4209
4761 7319
4808 6576
3936 3940
5673 5680
5658 7510
385 6992
1006 3579
421 3488
3438 5839
2471 2560
953 1900
31 5500
4323 4597
3418 3480
2711 7519
1106 5699
4205 4579
3069 4989
7593 7600
2810 4359
1665 6790
4383 4595
457 6527
5065 5175
5760 6169
2116 2482
3578 6796
4361 4614
6651 6702
177 746
3619 6395
4090 7337
4706 5569
1413 2817
6077 6283
4998 6050
819 3995
2592 6433
3113 7555
2831 5293
3472 7588
2218 2660
2173 3131
4533 6050
2731 4646
1960 6685
2989 7697
1334 6379
393 2166
3199 3317
2608 7780
2875 3493
6751 6766
5778 6394
4634 5826
2675 4927
4001 6883
4615 7179
658 7051
1767 4774
6221 6661
421 7514
1709 1713
6379 6530
359 1255
439 3614
5752 6587
200 4506
3007 3021
4210 4250
6416 6433
1987 7150
114 2968
1148 1165
897 2028
5947 7047
3110 3139
373 380
1147 4457
679 2627
1128 1165
3869 5642
5145 6420
3249 7339
6944 7827
1450 4603
3754 4430
4486 4739
561 2568
7244 7255
2716 4382
182 7735
1837 4089
723 2396
2002 4451
4638 5601
560 7688
6418 7251
6373 7278
3354 6726
6248 6271
2938 2990
37 68
951 6554
312 3903
1952 2685
446 6138
874 1646
118 7212
5748 6554
388 1828
1511 3927
1761 3398
232 2676
2900 3721
1028 7726
5437 6418
2143 2966
2757 4683
5414 6945
3515 3957
1641 3061
3208 6483
709 6487
4765 6032
2481 7314
2400 3067
117 5865
2440 5974
29 6071
6030 6412
2537 5013
376 1926
1921 7835
2168 4688
1818 3231
3589 5826
4027 6485
3254 5948
4334 5781
2001 5782
3739 5141
5697 6946
1675 2915
2656 7772
964 5029
550 6228
6376 7116
701 3755
1470 2319
1924 7588
810 2196
162 5498
3771 5016
1221 1846
2609 5940
4211 7339
106 7792
3158 3278
3800 7149
232 7823
373 374
465 1360
413 424
1985 6309
4582 7448
2637 6136
1 7652
3262 6063
2999 5462
1764 5258
4923 5328
3530 4514
4878 5450
3611 5159
2797 4457
960 1530
6306 7588
1093 1395
4096 7394
2625 2671
4341 4357
1571 1825
1712 6744
2822 3305
1393 1544
1716 7008
583 7129
3004 5116
4577 4589
2643 3457
469 6403
2699 4826
3928 4427
633 3934
202 5464
3412 6312
4035 4552
203 3351
1617 6969
2116 2982
786 2060
288 5103
170 4024
4476 7556
954 7556
236 4312
694 1642
1730 7008
5480 6419
244 6133
3226 7495
1030 3589
1561 1615
3056 5392
5497 6406
3192 3347
822 1420
123 130
3513 5195
2043 2097
5797 7185
798 5731
3102 7600
5711 6737
4551 5425
2971 4087
361 1610
1863 4772
6245 7686
660 6329
2076 3626
28 4061
4482 7556
557 6033
3272 6409
40 121
4539 4549
374 380
1618 4986
2236 7482
864 2212
2184 2323
766 1160
2113 2749
6557 7434
0 2301
446 6626
597 2851
3996 4053
6549 7769
3600 7053
756 2508
5709 5831
5346 7319
2988 6236
4514 7618
2118 2799
1123 1759
2416 2454
3284 4521
2579 6106
8 6777
3266 3464
2664 5534
3052 5111
4623 6819
5180 5836
3089 6194
3192 7736
7844 7849
1454 1867
29 6052
1623 2356
304 709
6 4657
2724 4679
911 918
4783 7656
6050 6483
2000 4994
3219 7453
1050 2852
110 6422
121 963
606 2557
1353 6566
794 6169
3141 7003
6341 7350
6187 6215
4588 7626
4972 6561
789 7535
1003 2400
555 2138
2144 3892
3114 7538
2390 3220
616 1867
1611 1734
3037 6456
4636 4685
4858 5193
6590 7801
605 2614
816 6666
6228 6412
1141 6948
4808 4833
1864 6132
402 3886
3114 7544
3492 4519
3137 7061
5877 7654
441 6434
4952 6463
7111 7645
227 5733
2659 6190
5451 6217
3090 6524
6062 6413
5736 6411
1582 7857
1581 7857
