1212
8
0 215 1106 823 209 69 14 613
2234
428 235
705 678
244 251
682 590
711 818
1035 1040
858 1126
117 376
115 542
603 732
236 284
494 532
259 342
26 833
452 340
527 529
1211 701
673 517
1107 158
230 1051
299 850
1084 1085
919 1104
417 383
486 696
383 735
239 242
68 152
39 590
814 981
629 805
1116 1118
275 857
934 393
1087 1088
1128 694
456 477
691 410
736 1171
443 715
1194 1120
240 308
658 1192
179 586
987 990
173 169
1038 1078
3 4
487 18
948 418
110 139
1071 117
6 7
558 823
1072 1081
467 471
367 398
7 996
138 458
333 1141
797 854
1124 1106
9 10
983 52
14 236
10 11
10 976
327 668
11 12
377 1189
112 655
904 901
975 987
148 74
258 219
797 132
429 445
683 687
578 416
16 17
16 1017
747 93
841 1100
906 161
771 499
17 157
322 447
7 1053
831 829
161 167
635 619
644 627
1025 1041
861 981
841 620
21 22
1016 1207
172 360
819 816
1138 374
756 951
611 612
25 26
501 495
449 1064
466 982
599 701
986 885
989 891
894 933
603 91
29 30
29 829
814 341
1161 194
27 384
1073 8
141 149
1091 1103
57 1000
409 416
57 802
916 1033
814 780
502 22
983 581
990 853
707 689
861 345
312 8
761 774
36 37
1126 1131
811 320
144 164
38 39
612 688
625 221
359 439
34 724
846 1162
817 815
40 41
167 354
95 1048
1090 364
41 42
1163 45
262 347
5 1129
602 320
537 530
364 376
183 171
819 826
45 702
672 28
55 58
590 592
47 42
47 407
397 1202
641 736
544 931
55 1130
422 513
1014 87
340 520
543 732
1137 1140
991 351
304 277
1175 906
117 189
1211 619
605 220
571 588
952 331
918 1033
55 876
817 819
569 1087
108 1024
1020 62
575 613
1170 840
445 1077
1125 372
530 555
58 253
424 850
619 64
61 58
983 1100
807 812
954 585
686 753
62 63
12 1193
152 73
721 455
1106 372
1095 569
46 246
198 1031
972 610
65 396
67 68
782 1120
67 72
68 1186
68 73
180 196
614 1133
615 168
1127 1047
378 409
72 69
304 296
72 73
544 929
73 74
138 151
435 810
396 1020
74 75
478 479
207 1008
74 365
75 61
75 1195
75 1198
391 24
149 1092
23 768
718 730
698 732
636 736
874 849
181 232
1207 1077
496 92
274 697
77 1174
16 255
81 82
279 281
433 443
102 923
1044 1136
451 439
1132 970
1035 1039
958 960
753 163
1163 41
667 678
966 347
355 133
71 959
827 210
860 862
1080 1020
840 1103
979 921
241 254
409 578
142 856
229 747
873 875
1101 1075
667 651
479 291
468 470
444 157
311 203
19 20
10 1007
823 815
668 542
1116 1095
224 459
1177 854
102 898
1197 404
32 836
1060 381
1201 64
138 125
105 137
360 1008
108 81
585 573
953 826
285 1050
629 33
979 1108
1064 863
1109 23
111 113
1065 150
194 627
913 947
452 329
566 785
221 258
26 465
853 756
789 758
118 119
1146 1155
1183 1166
252 276
121 122
1033 926
82 137
257 225
412 894
260 285
968 1039
1089 1144
514 517
16 1051
796 798
371 51
942 662
128 129
13 843
413 716
129 130
728 535
501 508
1184 1043
132 133
132 257
676 509
27 385
1207 1123
1165 626
596 308
136 79
1152 1159
785 176
136 137
640 421
270 525
654 446
139 82
9 1007
988 554
973 297
670 781
839 841
945 804
189 1110
166 160
437 163
244 991
1086 1162
797 225
144 145
145 146
146 147
644 194
147 148
772 205
201 356
327 452
467 893
476 738
397 400
688 756
595 681
858 744
27 948
602 811
778 587
200 973
489 959
1181 917
466 339
597 573
109 115
25 597
1163 40
59 53
977 270
190 479
1203 7
149 973
755 564
461 463
760 529
166 123
912 1036
184 95
70 78
78 80
1035 1045
1008 51
582 593
412 745
622 104
89 90
1067 1069
277 363
159 135
1031 1096
319 20
197 206
741 1091
159 1016
185 186
1072 1004
93 751
680 726
1095 1101
368 242
256 1121
909 910
608 628
966 262
966 263
537 552
25 573
147 142
7 985
1115 500
708 709
1054 1110
769 783
841 631
266 603
197 193
813 815
973 1182
957 2
217 754
1007 1098
1105 460
199 200
1109 752
200 201
997 553
526 781
39 300
209 952
518 324
721 718
179 462
453 738
858 945
701 749
206 208
131 140
208 199
208 471
208 896
295 1103
114 872
140 141
210 211
290 1027
961 150
211 212
888 1005
1144 364
833 377
841 963
723 501
999 1001
213 214
213 697
644 509
214 215
215 216
215 234
97 679
1130 493
247 249
30 836
337 302
610 1161
575 1132
808 435
460 1151
250 1192
949 1173
48 596
330 226
1157 1131
1076 421
1125 1158
545 292
1103 886
159 160
233 234
309 415
654 857
961 957
237 234
1078 521
134 522
941 766
517 501
838 842
165 167
1147 1118
18 341
389 27
1041 1044
3 6
247 248
306 1061
878 871
248 249
15 738
249 250
1090 1144
517 1002
761 205
253 254
533 143
340 810
969 937
174 177
473 696
330 857
257 797
94 623
18 21
260 128
39 501
1057 28
1017 230
1091 1114
615 546
2 975
1154 878
624 622
945 1126
207 1061
733 1019
847 855
378 531
892 903
271 272
51 95
211 256
1025 171
911 1041
1167 1155
718 456
809 999
365 382
1052 1055
277 1009
243 227
999 340
1036 46
975 523
978 466
281 282
281 1148
963 837
282 1156
821 823
592 571
395 397
543 698
836 830
613 688
804 1208
361 348
865 222
203 305
1112 1110
198 202
6 4
193 126
809 1010
481 485
837 37
425 420
738 1166
1138 553
1128 282
157 849
1154 877
450 525
808 441
818 1114
17 14
638 669
1048 124
581 632
1130 876
876 879
846 1120
110 247
672 381
175 289
1167 1144
513 509
381 28
1067 1070
26 829
250 1151
1175 908
1048 1058
1138 998
286 802
1136 174
314 315
399 411
276 589
315 316
725 728
703 925
316 317
316 319
316 275
317 318
704 692
305 311
319 320
319 1210
319 235
445 450
1010 435
1101 1116
1036 353
322 323
322 120
76 94
323 324
61 310
323 518
324 325
367 239
324 1209
325 326
487 490
325 692
326 863
326 887
327 328
154 1136
562 727
339 724
328 329
328 491
294 358
329 330
564 43
800 1103
856 137
719 725
330 662
1159 1178
675 719
930 1074
1102 1106
1135 342
662 226
644 182
1048 852
433 752
595 604
100 171
927 295
363 1156
1147 724
48 1119
887 857
875 656
191 206
344 21
841 369
838 476
755 590
805 624
994 992
602 605
605 610
911 1136
80 321
92 1014
693 935
1105 1119
351 352
452 337
396 984
352 353
353 354
354 355
744 846
572 956
1094 1083
1160 1167
777 1119
89 80
1174 67
293 295
110 215
1127 572
209 1177
366 367
367 368
368 369
369 370
370 956
1053 0
371 372
534 538
1072 445
630 633
680 1076
295 779
749 811
9 976
1088 569
379 380
380 381
530 481
467 201
384 381
384 385
385 386
386 387
657 650
8 770
389 390
390 391
391 392
1018 1010
394 392
394 395
1142 810
567 564
886 1091
1041 114
143 240
400 401
401 402
402 403
403 404
313 615
389 391
407 408
723 25
716 437
294 289
1033 919
63 396
504 825
111 87
1127 269
227 925
897 102
149 140
413 414
1046 1125
1161 955
380 1102
962 934
266 91
557 816
638 1171
861 211
743 928
730 484
307 229
422 423
896 944
745 754
484 487
507 22
276 500
117 1208
114 967
375 1106
288 289
910 905
951 892
957 150
141 219
282 261
264 296
464 561
363 237
437 434
437 438
438 439
439 440
726 640
409 531
798 806
630 94
641 644
1058 124
579 936
641 1171
87 494
666 663
1134 742
757 357
830 631
682 39
959 859
1063 960
401 403
198 190
491 739
207 945
856 86
418 312
777 876
758 760
735 1026
1104 741
1135 1137
455 456
270 268
209 288
1105 254
799 930
1170 1103
172 578
750 357
615 574
390 34
1000 868
409 1000
280 281
525 268
1002 663
551 873
218 258
1097 1102
1141 1144
1189 465
675 681
582 585
422 414
888 1142
468 529
250 122
977 625
424 453
8 1054
771 898
654 887
11 1007
612 613
850 948
188 204
1000 416
435 510
862 1059
618 650
444 487
507 474
1063 23
1054 1086
276 952
854 225
178 180
197 297
583 608
62 196
680 1015
492 506
472 474
57 1158
463 470
927 800
1127 1132
989 554
1135 883
242 245
924 717
495 496
856 164
22 827
1012 703
1209 704
129 271
1178 227
1066 554
12 985
30 32
939 888
507 505
1042 962
1130 86
902 0
1210 64
318 519
841 370
1138 1160
610 638
819 585
77 185
55 1119
597 588
294 296
958 489
768 929
509 670
216 247
502 505
365 1200
4 42
707 714
1085 1087
526 527
984 310
983 370
1009 279
674 313
555 552
868 57
286 293
717 411
853 903
49 447
49 606
18 780
717 102
539 537
539 540
540 541
1119 460
902 955
213 700
580 815
49 607
786 845
186 77
212 865
100 267
702 408
1208 172
1060 852
525 1003
796 516
547 548
413 434
548 549
611 990
452 446
549 550
320 314
1105 54
441 798
965 150
870 786
555 556
557 558
728 681
301 948
170 173
558 559
448 1064
156 538
1002 844
233 223
654 330
1045 1027
560 90
560 91
245 694
81 1024
716 712
40 6
1201 1210
1112 945
1168 449
1063 929
669 330
1163 1184
635 19
496 677
301 112
1097 968
1038 131
1115 503
570 567
570 571
557 559
511 513
672 384
779 800
180 188
1143 653
61 65
806 435
1148 1156
772 933
402 1202
327 458
482 484
946 698
579 576
579 580
220 615
538 546
1067 190
318 324
122 1107
274 699
1057 1058
130 105
1178 238
1210 20
542 608
181 270
1091 646
378 998
250 851
910 912
222 256
1059 860
122 658
1135 259
541 539
443 928
191 135
498 863
965 1047
751 229
48 308
561 542
264 88
840 800
1011 1017
931 946
309 1082
589 645
593 594
919 486
864 498
397 1206
371 184
387 389
785 911
164 77
170 195
754 757
597 598
120 607
574 599
588 25
326 302
505 712
1147 15
508 514
777 460
845 784
1082 1194
666 687
601 454
705 443
564 457
352 1096
311 98
326 980
836 831
118 247
606 607
1032 1013
606 33
13 1147
123 521
633 104
1028 1035
1093 1119
491 327
650 666
341 344
1203 1053
589 252
250 1107
1211 546
228 747
1109 722
776 869
617 618
176 566
748 777
921 935
1056 1098
720 1092
123 1078
474 22
778 681
1031 968
621 622
1136 545
673 134
622 623
541 547
999 810
623 624
1094 913
85 96
1008 1061
502 480
629 630
654 326
11 976
1026 941
1074 251
622 647
851 748
315 320
50 995
260 264
974 1121
840 886
1106 379
633 634
634 635
716 434
673 508
677 759
149 1182
379 1060
844 522
746 874
462 595
385 50
541 601
57 286
376 643
380 993
715 433
189 1112
633 623
1049 1073
544 547
395 1206
1099 695
219 221
20 825
191 159
864 1209
623 104
902 676
209 331
1155 1145
424 655
1081 525
675 616
647 648
647 649
451 455
371 868
648 848
648 156
416 868
903 990
498 449
331 349
294 265
370 1100
583 179
438 451
914 1040
197 199
658 659
165 159
659 673
924 1104
660 661
119 121
186 467
319 315
243 512
308 615
26 30
404 406
129 133
547 928
339 34
280 261
528 542
1108 536
809 806
289 1117
582 817
671 666
823 1006
1211 574
110 248
1194 922
11 1193
536 1
414 472
156 546
571 598
183 114
242 369
662 275
822 824
947 842
885 877
879 777
255 1051
960 23
682 683
213 699
111 494
508 495
683 684
795 865
685 682
685 300
1190 1193
238 1159
809 1001
325 887
423 468
126 297
40 996
464 179
473 478
893 499
979 935
1089 1138
117 531
697 1148
353 1004
521 1021
699 700
495 532
192 33
702 1043
198 1037
1208 531
703 227
115 561
244 351
930 251
481 651
1067 353
934 740
53 775
1206 394
102 1059
536 497
670 511
1152 1091
1039 1124
186 225
1067 1036
745 357
1008 578
867 1164
1035 1037
511 781
598 459
289 566
825 318
1077 1072
723 532
175 176
1048 306
1029 244
212 719
383 1108
385 695
415 475
227 230
727 1013
630 635
230 925
902 1161
451 753
733 734
703 1011
995 1108
734 735
32 36
735 913
736 737
960 722
736 528
1010 449
972 669
551 545
737 636
1106 1097
806 808
438 753
619 621
773 760
856 84
601 603
1028 1031
739 226
461 758
322 518
211 814
257 355
1088 1095
749 1201
114 875
92 118
746 747
333 1137
479 354
1170 1160
510 808
1167 1146
97 682
127 963
519 857
860 69
750 751
750 691
314 662
960 1065
848 1211
712 163
93 691
632 572
1033 1104
241 62
277 279
380 995
123 126
375 379
554 1012
193 160
518 825
1202 400
1079 369
444 440
1034 1041
761 762
761 35
761 775
762 763
2 965
763 764
763 765
764 776
764 228
14 217
765 775
765 776
767 765
1138 997
837 127
810 653
605 204
13 391
241 54
199 973
820 812
55 493
618 660
820 822
595 675
572 269
774 775
610 955
1060 375
545 524
882 645
838 733
176 292
1113 1049
1184 40
565 936
305 369
160 1077
561 583
48 1151
452 328
689 690
783 784
844 650
752 768
786 784
3 7
13 392
15 392
628 652
743 752
168 361
1046 1158
1084 466
347 656
522 533
101 891
1081 450
914 479
445 803
717 399
264 1030
547 443
1211 615
593 155
795 871
926 915
1083 947
557 826
611 523
139 876
577 14
230 255
989 512
795 885
372 184
113 223
58 1195
656 551
359 461
808 809
809 810
976 1193
812 515
190 1040
319 825
477 480
22 210
929 931
712 686
455 480
815 816
100 245
1084 569
816 817
635 1210
116 458
677 508
1064 302
1019 824
1052 1038
1198 310
342 614
259 1137
659 759
757 751
620 370
222 212
3 1053
778 535
448 449
1155 1144
1077 246
581 127
1007 1012
965 1132
448 1168
1039 932
537 550
1194 1162
832 839
1143 1149
994 50
828 829
398 366
828 832
1169 77
447 788
830 831
911 566
145 164
831 832
931 543
831 631
111 492
146 68
210 835
833 828
56 60
1197 403
592 570
266 273
499 689
937 938
919 717
306 124
139 879
985 1203
1167 1138
1070 1072
1079 642
333 1144
1180 1116
1160 1089
1155 1141
620 369
84 876
912 46
503 645
274 1009
0 1080
1052 977
313 348
789 470
725 616
632 269
513 182
130 136
211 835
38 723
1 1194
148 152
669 314
346 70
1067 352
619 1201
476 842
573 594
386 384
1124 968
116 125
179 591
577 1051
944 901
862 923
1175 1207
973 1092
599 600
855 859
1064 1168
182 187
1037 1039
1070 1004
908 46
301 453
541 543
53 774
863 864
736 535
1112 858
198 1040
644 513
201 950
632 370
997 998
661 534
879 748
0 3
665 669
872 873
1068 1042
872 545
156 661
45 47
164 136
122 659
691 35
1157 1185
744 782
164 1186
871 877
83 220
53 436
863 1168
714 690
359 440
1080 1053
455 686
302 446
447 825
1154 888
417 418
1189 532
86 142
1133 742
490 484
272 274
412 357
2 971
141 221
464 99
154 1025
314 972
1049 1162
1159 577
946 36
796 441
559 562
1016 1123
586 587
893 771
18 344
1056 1062
739 636
895 896
895 471
895 707
896 483
449 1001
897 898
897 771
836 52
898 899
882 162
780 769
899 714
899 411
899 486
900 901
900 483
900 486
195 313
901 696
668 739
912 908
503 589
904 905
904 907
904 473
174 292
905 478
906 907
254 1093
907 909
119 336
907 161
908 909
747 307
809 510
902 610
1157 1165
582 155
868 1158
841 830
237 398
37 1063
533 615
216 223
914 915
964 1047
108 110
464 107
915 916
915 478
196 674
916 473
918 916
918 919
918 696
845 31
944 483
1058 1060
1034 183
586 628
912 291
86 1195
682 755
772 774
923 924
923 101
50 418
1001 1064
540 548
48 1105
262 792
924 741
308 313
926 927
739 662
613 756
927 290
1021 181
742 745
1066 1056
788 19
314 602
389 301
949 953
387 390
258 1182
128 132
946 32
793 795
728 835
240 348
149 221
830 1100
196 178
30 953
1117 175
638 641
79 133
949 826
218 252
659 134
791 640
126 131
1089 1090
374 998
1055 625
1174 164
1003 799
98 100
84 86
517 522
185 1174
82 84
728 827
874 307
483 901
295 1027
498 1168
933 205
130 272
985 1200
615 143
953 954
38 590
848 619
77 79
988 989
533 534
956 964
957 958
462 464
958 959
1194 1113
960 961
921 941
1045 1039
580 582
360 578
1008 95
964 965
2 970
691 761
966 967
783 845
1103 1104
1074 1070
635 621
970 971
977 1055
561 608
658 596
605 180
35 762
9 860
490 456
669 942
458 125
495 677
377 465
528 628
598 224
70 321
1093 253
722 713
375 1125
1073 1162
412 614
859 5
978 339
342 1133
254 54
709 891
452 520
528 737
991 992
991 1096
992 993
993 994
994 995
887 980
750 410
524 292
210 861
746 18
1 1049
739 327
746 769
613 951
728 729
1026 1023
191 193
613 71
317 857
1068 421
1069 1074
947 734
1082 680
13 15
954 826
607 609
863 692
618 661
1139 1142
945 1208
737 739
1142 1143
142 144
26 585
244 1084
798 940
611 853
12 996
630 788
183 98
1078 429
189 1061
455 718
203 967
793 653
463 434
140 126
1153 1149
1063 1065
1153 1154
189 306
1111 1086
644 535
112 453
1025 1034
1026 1019
890 791
1023 822
1023 824
289 349
893 895
1027 1028
597 224
433 743
711 891
646 886
1170 553
1082 1120
389 15
771 69
999 337
808 798
366 694
956 581
1017 444
344 345
87 92
1071 626
710 711
190 914
34 695
950 1182
86 493
387 34
931 37
490 718
417 312
575 523
654 329
594 155
1045 1046
803 166
80 1013
243 925
193 159
1082 415
214 1024
892 990
830 30
297 720
875 347
1177 1182
779 787
13 394
521 126
361 615
210 345
207 360
236 1140
773 527
994 1099
533 240
122 158
231 322
524 645
354 907
117 643
1057 124
1071 1208
81 105
1184 12
557 823
71 5
594 224
139 851
389 34
211 1121
983 830
725 729
52 36
629 49
83 173
950 1177
32 949
586 583
509 511
593 936
164 1169
78 321
482 718
1068 1076
1069 1070
333 1140
1097 993
839 631
307 217
345 21
212 725
797 209
528 608
130 133
415 731
545 174
1021 1038
327 793
344 981
980 863
529 789
186 69
312 1073
524 176
308 674
1031 202
793 458
500 589
562 1006
1171 669
844 660
212 256
574 701
1083 867
85 1079
261 265
85 111
1006 559
271 264
439 721
1110 124
950 973
172 531
673 759
592 588
1177 218
107 109
1096 1097
793 520
107 151
320 1201
115 116
72 1181
705 715
587 790
1178 1051
971 975
116 151
663 300
479 353
66 97
655 453
304 272
990 523
364 801
189 207
1162 1113
342 1134
299 948
1066 1098
1110 1111
1111 1112
487 849
1160 1152
526 773
285 288
392 1166
593 224
203 620
382 1190
1169 1174
1085 244
1117 1115
686 480
960 957
825 235
113 1188
1207 908
1054 770
1099 991
135 165
1011 407
1203 984
1121 1122
49 120
262 263
48 54
1124 1125
662 665
204 955
600 811
9 862
729 675
238 711
903 489
299 301
453 867
620 305
408 703
79 129
1133 1134
228 769
612 756
1134 1135
998 57
715 678
518 519
52 32
238 243
375 852
624 76
581 269
914 926
583 628
1140 1141
469 492
560 562
188 902
153 639
1036 246
1029 1084
610 669
1086 846
1145 1146
1161 627
910 291
1094 850
154 1041
184 852
502 345
976 1181
827 835
533 134
141 625
266 454
447 44
488 454
249 158
610 627
240 659
118 122
963 983
263 269
1146 1152
114 873
323 704
318 857
363 697
371 416
121 92
490 730
1115 524
548 443
628 778
1105 1093
1043 11
610 204
951 959
426 427
474 187
1138 1152
875 551
133 257
101 709
841 961
14 883
301 738
865 885
1043 1012
1081 1003
1192 748
961 127
961 370
978 1095
12 7
536 1205
809 435
618 647
724 24
429 803
1190 73
575 611
987 957
374 378
294 175
181 429
637 1165
152 74
519 825
12 382
1131 782
274 277
802 998
1198 1200
1014 247
1099 385
1056 584
802 997
634 622
911 154
1077 46
646 741
444 482
504 518
239 398
713 433
1016 160
94 633
199 720
102 399
862 988
1123 1175
24 1147
112 388
89 273
901 206
782 309
1145 1159
552 550
38 588
154 1128
219 977
661 648
729 616
15 24
455 477
51 416
1096 351
109 561
429 166
638 627
1150 935
1157 626
825 316
337 340
372 1158
417 424
1029 1031
771 690
333 364
290 293
937 772
630 447
1054 1057
30 829
1090 643
63 65
304 274
600 602
929 37
1117 176
665 636
447 504
413 423
26 29
685 687
877 878
222 795
888 1153
160 126
410 412
81 700
452 793
862 102
314 942
770 28
891 1114
737 668
847 834
925 512
507 472
808 516
1140 883
146 1186
644 736
372 375
168 169
809 449
442 223
169 170
939 940
726 791
1125 1106
949 559
173 178
721 451
27 850
178 83
998 1000
450 1072
630 76
479 1067
891 818
1065 837
175 566
366 237
202 351
195 196
858 846
651 568
670 676
713 706
233 239
321 332
780 783
700 105
1126 804
265 280
376 1090
116 138
745 614
500 503
410 894
349 209
43 459
846 1111
1022 516
299 867
