893
13
51 208 278 584 521 329 634 801 854 390 303 505 588
3425
1 2
1 4
1 145
1 443
2 51
2 52
2 145
2 256
2 363
2 3
3 4
3 145
3 242
3 243
3 294
3 363
3 430
3 715
2 4
4 16
4 72
4 98
4 130
4 145
4 230
4 251
4 311
4 410
4 413
4 420
4 443
4 536
4 553
4 595
4 597
4 690
5 6
5 15
5 170
5 179
5 237
5 274
5 275
5 308
5 343
5 344
5 411
5 534
5 573
5 830
6 275
7 8
7 61
7 178
7 372
7 374
7 404
9 10
9 297
10 36
10 339
10 340
11 12
11 32
12 32
13 14
13 124
13 159
13 395
13 567
13 697
14 354
15 16
15 30
15 69
15 72
15 198
15 258
15 404
15 419
15 423
15 424
15 537
15 586
15 593
16 30
16 61
16 69
16 148
16 230
16 243
16 258
16 301
16 334
16 374
16 388
16 404
16 409
16 439
16 466
16 551
16 560
16 715
16 808
17 18
17 97
17 357
17 440
17 549
19 20
19 25
19 84
19 85
19 115
19 141
19 234
19 271
19 438
20 487
21 22
21 114
21 160
21 270
21 577
22 119
22 577
23 24
23 275
23 343
25 26
25 37
25 68
25 115
25 137
25 215
25 301
25 381
25 408
25 824
26 30
26 72
26 192
27 28
27 51
27 399
27 400
28 239
28 400
29 30
31 32
31 54
31 68
31 69
31 137
31 243
31 275
31 334
31 341
31 351
31 404
31 524
31 787
32 51
32 466
32 471
22 33
33 34
33 47
33 84
33 119
33 301
34 53
34 59
34 83
34 311
34 374
34 604
34 646
34 670
34 754
34 782
34 871
35 36
35 286
35 769
28 36
36 51
36 230
36 458
36 523
36 609
36 769
36 874
38 39
38 51
38 115
38 167
38 173
38 174
38 239
38 244
38 275
38 279
38 287
38 331
38 456
38 496
38 653
38 684
38 793
38 879
38 881
39 43
39 69
39 212
39 213
39 242
39 243
39 293
39 579
40 41
40 213
40 220
41 236
34 42
42 43
42 152
42 175
42 178
42 238
42 245
42 485
42 581
42 594
43 212
43 213
43 293
43 744
43 782
44 45
44 427
45 427
36 46
46 47
46 83
46 111
46 121
46 127
46 148
46 192
46 205
46 246
46 264
46 293
46 409
46 412
46 576
22 47
47 83
47 111
47 119
47 246
48 49
48 280
48 520
49 280
49 520
50 51
50 68
50 124
50 322
50 330
50 395
50 396
50 681
50 728
26 51
28 51
30 51
51 130
51 239
51 275
51 301
51 400
51 563
51 666
51 52
52 301
52 337
52 790
51 54
54 55
54 131
54 179
54 187
44 55
45 55
55 69
55 139
55 230
55 304
55 427
26 56
56 57
56 80
56 301
56 601
58 59
58 123
58 124
58 192
58 241
58 245
58 339
58 340
58 558
58 675
58 806
59 83
59 111
59 241
59 460
59 529
59 675
59 712
59 754
26 60
30 60
60 61
60 72
60 114
60 388
60 530
60 629
60 647
60 723
26 61
30 61
57 61
61 69
61 72
61 119
61 606
61 680
62 63
62 121
62 130
62 388
62 415
62 507
62 580
7 63
63 133
63 212
63 215
63 238
63 251
63 260
63 266
63 358
63 535
63 686
64 65
64 231
64 444
61 66
66 67
66 69
66 122
66 539
66 779
24 68
51 68
68 69
68 137
68 301
68 728
69 301
69 449
69 808
70 71
70 92
70 156
70 233
70 409
70 438
70 446
70 498
70 652
70 790
70 828
30 72
73 74
73 380
73 381
73 472
73 848
74 178
75 76
75 220
75 233
75 281
75 325
75 326
75 336
75 373
75 374
75 406
75 407
75 421
75 422
75 708
30 76
76 374
76 388
76 422
77 78
77 137
77 192
77 212
77 213
77 260
77 293
77 371
77 441
77 442
77 504
77 579
77 604
77 655
77 686
77 688
77 725
78 192
36 79
79 80
79 148
79 179
79 231
79 238
79 304
79 311
16 81
30 81
32 81
51 81
60 81
81 82
81 124
81 131
81 181
81 182
81 197
81 209
81 230
81 231
81 237
81 404
81 438
81 457
81 538
81 543
16 82
69 82
72 82
82 155
82 214
82 229
82 238
82 241
82 242
82 243
82 301
82 375
82 595
82 743
82 838
7 83
9 83
61 83
83 137
83 246
83 412
83 500
83 518
83 716
83 722
15 84
20 84
25 84
26 84
42 84
61 84
84 85
84 89
84 91
84 104
84 108
84 140
84 141
84 152
84 175
84 212
84 231
84 232
84 234
84 236
84 238
84 242
84 267
84 271
84 301
84 311
84 332
84 333
84 386
84 404
84 438
84 454
84 481
84 487
84 504
84 518
84 572
84 596
84 688
84 695
84 706
84 731
84 752
84 834
25 85
85 115
85 215
85 301
85 337
86 87
86 174
36 87
41 88
88 89
88 135
88 136
88 156
88 236
88 314
88 402
88 438
56 90
57 90
90 91
8 91
26 91
54 91
57 91
91 187
91 212
91 301
91 392
91 449
91 509
92 498
92 828
93 94
93 308
93 417
93 431
93 437
94 431
94 437
47 95
95 96
95 166
95 231
95 363
95 421
95 630
23 96
96 275
18 97
28 97
51 97
97 172
97 357
97 440
97 549
69 98
98 99
98 119
98 145
98 251
98 420
98 477
100 101
100 108
100 149
100 478
100 525
100 547
100 559
100 864
2 102
61 102
83 102
102 103
102 104
102 109
102 127
102 157
102 192
102 205
102 241
102 245
102 256
102 264
102 299
102 412
102 475
102 507
102 568
102 605
102 669
102 722
103 109
103 213
103 284
103 432
103 536
103 570
7 104
16 104
26 104
36 104
51 104
61 104
69 104
80 104
83 104
87 104
104 105
104 114
104 194
104 206
104 226
104 228
104 238
104 241
104 251
104 258
104 301
104 381
104 386
104 432
104 480
104 535
104 606
104 722
61 105
69 105
105 241
106 107
106 161
106 162
106 397
24 107
108 349
108 547
108 625
56 109
61 109
72 109
109 110
109 122
109 221
109 231
109 238
109 315
109 324
109 432
109 451
109 536
109 546
109 720
109 731
109 744
83 111
111 754
112 113
112 374
113 374
22 114
26 114
30 114
61 114
72 114
114 119
114 137
114 160
114 256
114 270
114 334
114 370
114 388
114 577
114 680
115 116
115 381
117 118
117 150
117 151
117 187
117 204
117 252
117 282
118 170
118 187
118 204
118 341
118 524
99 119
119 120
7 121
8 121
63 121
121 264
121 305
121 306
121 317
121 358
121 566
121 576
121 577
85 122
123 124
14 124
28 124
51 124
124 130
124 159
124 330
124 395
124 396
124 404
124 513
124 558
124 590
118 125
125 126
125 170
125 187
125 248
125 279
125 338
125 643
125 734
48 126
49 126
126 163
126 280
126 520
126 662
25 127
56 127
109 127
119 127
122 127
127 206
127 215
127 238
127 264
127 412
127 486
127 487
127 618
128 129
128 598
128 777
128 778
16 129
69 129
129 229
129 230
129 242
129 243
129 434
129 598
129 778
130 131
130 383
131 374
131 383
131 707
77 132
79 132
112 132
132 133
132 152
132 283
132 374
132 518
132 576
132 616
132 663
132 669
132 674
133 178
133 215
133 266
133 535
73 134
118 134
134 187
134 381
89 135
135 136
135 236
113 137
119 137
137 192
54 138
55 138
72 138
138 139
138 179
138 222
138 223
138 380
138 383
138 477
138 672
56 140
57 140
61 140
69 140
90 140
91 140
105 140
140 148
140 241
140 364
140 386
140 722
2 141
18 141
20 141
26 141
50 141
51 141
52 141
68 141
91 141
141 147
141 156
141 175
141 185
141 206
141 212
141 275
141 301
141 322
141 337
141 358
141 438
141 481
141 593
141 669
142 143
142 554
142 555
142 640
142 641
142 782
4 144
32 144
144 145
144 363
144 413
144 597
32 145
72 145
130 145
145 409
145 413
145 420
145 597
23 146
146 147
146 343
23 147
24 147
51 147
147 175
147 301
147 343
147 419
147 431
147 713
29 148
32 148
51 148
61 148
69 148
105 148
148 182
148 243
148 409
148 551
148 875
108 150
150 151
150 187
150 252
150 282
150 547
91 151
108 151
118 151
134 151
151 170
151 187
151 252
151 282
151 338
151 348
151 369
151 534
152 325
152 374
153 154
153 250
153 254
153 617
154 250
21 155
68 155
97 155
148 155
155 440
155 549
155 551
155 838
10 156
18 156
51 156
135 156
136 156
156 236
156 243
156 261
156 314
156 339
156 340
156 411
156 446
156 498
156 535
157 192
157 245
157 264
157 412
157 647
13 158
124 158
158 159
159 330
160 270
161 162
161 243
161 446
161 515
161 516
162 187
162 765
164 165
164 176
164 177
165 177
165 468
166 178
166 374
166 554
166 857
167 168
167 351
167 583
167 787
168 583
73 169
79 169
170 187
170 319
170 694
170 734
91 171
171 172
171 227
171 228
171 283
171 392
171 448
171 545
91 172
172 392
173 174
173 288
51 174
51 175
91 175
175 301
175 386
165 176
176 177
139 178
178 239
178 374
142 180
143 180
180 526
180 554
180 555
180 623
180 640
180 641
16 181
32 181
69 181
145 181
148 181
181 182
181 184
181 237
181 259
181 561
181 797
181 827
181 885
131 182
130 183
131 183
183 184
183 237
183 383
183 481
31 184
36 184
44 184
45 184
55 184
72 184
131 184
184 230
184 243
184 347
184 378
184 404
184 427
184 524
184 543
51 185
185 275
61 186
99 186
119 186
186 256
186 575
186 616
135 188
188 189
188 291
188 292
188 356
188 676
188 763
16 190
190 191
190 258
190 326
190 422
190 508
191 508
192 730
51 193
63 193
193 194
193 241
193 251
193 317
193 322
193 535
193 631
193 633
193 670
193 686
194 241
31 195
195 196
195 258
195 290
195 532
31 196
51 197
95 197
162 197
181 197
197 231
197 237
197 364
197 718
197 785
198 419
199 200
199 258
199 319
199 767
26 201
42 201
56 201
127 201
179 201
201 226
201 238
201 251
201 266
201 291
201 334
201 357
201 454
201 455
36 202
202 609
114 203
119 203
137 203
203 334
203 599
187 204
7 205
56 205
83 205
104 205
111 205
114 205
119 205
132 205
184 205
205 206
205 243
205 264
205 283
205 361
205 404
205 433
205 471
205 560
205 616
205 618
205 673
8 206
91 206
119 206
206 216
206 251
206 274
206 301
206 404
206 507
206 508
206 618
206 628
207 208
207 679
208 679
209 236
84 210
108 210
210 211
210 572
210 650
210 695
10 211
55 211
108 211
26 212
61 212
78 212
137 212
192 212
212 213
212 241
212 293
212 301
212 404
212 442
212 579
213 579
133 214
214 215
214 266
214 535
178 215
212 216
216 217
216 254
216 293
216 394
216 579
216 794
80 218
218 219
218 285
218 518
218 546
28 220
51 220
213 220
220 221
220 233
220 235
220 258
220 281
220 326
220 373
220 374
220 375
220 404
220 558
220 563
220 590
220 677
220 845
221 411
221 677
221 845
54 222
179 222
222 223
222 477
222 672
224 225
224 408
224 467
224 482
25 225
225 824
91 227
133 227
172 227
227 228
227 283
227 386
227 392
227 535
56 228
91 228
172 228
228 386
228 392
16 229
69 229
229 230
229 242
229 243
44 230
45 230
69 230
230 427
230 466
230 609
31 231
32 231
61 231
65 231
165 231
187 231
231 325
231 341
231 404
233 374
112 234
113 234
137 234
234 374
234 473
235 236
235 275
235 408
89 236
136 236
51 237
54 237
69 237
72 237
131 237
162 237
237 411
237 785
80 238
238 239
238 388
238 455
238 664
26 240
56 240
240 601
137 241
16 242
69 242
230 242
242 243
242 293
242 301
242 466
242 715
69 243
230 243
243 340
243 466
243 715
211 244
241 244
244 331
244 363
244 542
244 730
43 245
216 245
238 245
245 485
246 716
26 247
238 247
247 783
118 248
187 248
248 282
248 338
248 643
153 249
154 249
249 250
249 253
249 254
249 272
249 273
249 617
249 665
26 251
91 251
137 251
212 251
226 251
241 251
251 301
251 404
251 420
251 455
251 535
251 625
251 686
251 735
187 252
28 253
51 253
61 253
153 253
154 253
250 253
253 254
253 272
253 273
253 393
253 436
253 458
253 594
253 617
253 665
154 254
250 254
254 617
231 255
119 256
257 258
257 685
51 258
131 258
258 301
258 375
258 404
258 558
258 563
258 707
32 259
55 259
148 259
259 743
259 852
51 260
78 260
192 260
212 260
216 260
251 260
260 655
4 262
89 262
103 262
130 262
145 262
262 284
262 381
262 438
262 499
262 581
7 263
26 263
192 263
263 264
263 403
263 452
263 474
263 821
10 264
28 264
47 264
51 264
61 264
83 264
111 264
137 264
192 264
212 264
241 264
245 264
246 264
251 264
253 264
264 301
264 393
264 401
264 403
264 404
264 412
264 432
264 474
264 518
264 546
264 616
264 716
7 265
42 265
43 265
63 265
77 265
113 265
133 265
178 265
214 265
215 265
238 265
245 265
251 265
265 266
265 351
265 485
265 535
265 564
265 670
265 686
265 725
265 735
215 266
266 351
266 460
266 535
266 686
266 735
26 267
56 267
240 267
267 304
267 600
267 601
267 658
268 269
20 271
63 271
104 271
141 271
215 271
234 271
265 271
266 271
271 386
271 438
271 487
271 535
271 670
271 706
271 835
153 272
154 272
189 272
216 272
250 272
254 272
272 273
272 352
272 371
272 393
272 394
272 610
272 617
272 665
153 273
154 273
250 273
254 273
273 617
23 274
96 274
151 274
170 274
187 274
274 275
274 308
274 343
274 344
274 411
274 438
274 513
274 534
274 721
274 766
139 275
179 275
232 276
276 315
276 594
276 615
276 657
276 723
276 831
276 852
277 278
277 548
277 761
277 762
278 548
278 761
278 762
48 279
49 279
115 279
116 279
117 279
126 279
163 279
279 280
279 374
279 520
279 632
279 662
279 688
279 849
279 886
280 520
196 281
233 281
281 326
281 373
281 374
116 282
118 282
134 282
170 282
187 282
252 282
26 283
30 283
56 283
57 283
60 283
61 283
72 283
80 283
90 283
91 283
104 283
109 283
110 283
114 283
140 283
172 283
228 283
247 283
283 301
283 304
283 362
283 386
283 388
283 392
283 432
283 481
283 535
283 783
19 285
28 285
51 285
84 285
104 285
124 285
132 285
138 285
161 285
219 285
234 285
271 285
285 374
285 383
285 391
285 516
285 531
285 567
285 697
285 698
285 711
36 286
286 769
173 287
196 287
212 287
239 287
287 288
287 340
287 456
287 579
287 598
288 876
28 289
51 289
70 289
124 289
289 290
289 354
289 404
289 425
289 437
289 438
289 514
289 531
289 532
289 654
289 837
290 532
109 291
266 291
291 324
135 292
156 292
189 292
213 292
292 293
292 356
213 293
217 293
293 579
2 294
6 294
83 294
145 294
275 294
294 295
294 363
294 430
294 844
275 295
295 430
295 514
9 296
31 296
68 296
69 296
119 296
231 296
296 297
296 343
296 500
296 510
296 517
296 533
296 583
296 684
296 690
297 477
25 298
51 298
61 298
62 298
63 298
85 298
121 298
212 298
215 298
238 298
265 298
266 298
271 298
298 305
298 306
298 353
298 386
298 408
298 488
298 504
298 535
298 633
298 653
298 688
298 735
298 757
298 835
61 299
80 299
114 299
119 299
137 299
186 299
256 299
299 370
299 432
299 575
299 616
299 656
299 680
51 300
173 300
287 300
300 456
300 489
300 490
300 496
300 653
300 672
6 301
26 301
119 301
130 301
137 301
275 301
302 303
133 305
266 305
305 306
305 386
305 408
305 535
306 408
5 307
28 307
51 307
93 307
94 307
147 307
237 307
307 308
307 411
307 416
307 417
307 431
307 437
307 562
307 709
6 308
51 308
94 308
107 308
147 308
237 308
308 343
308 393
308 411
308 431
308 437
79 309
86 309
104 309
132 309
140 309
194 309
241 309
309 625
309 712
117 310
150 310
151 310
187 310
252 310
282 310
310 348
311 752
137 312
17 313
18 313
97 313
141 313
155 313
156 313
313 314
313 353
313 357
313 384
313 438
313 440
313 514
313 549
135 314
136 314
236 314
243 314
315 730
118 316
187 316
248 316
316 317
316 341
51 317
54 317
63 317
123 317
124 317
130 317
156 317
179 317
261 317
308 317
317 358
317 513
317 531
317 631
317 633
28 318
51 318
137 318
203 318
239 318
319 320
68 321
321 322
51 322
68 322
51 323
130 323
141 323
147 323
175 323
301 323
323 781
324 727
16 326
233 326
326 373
326 374
326 409
326 822
258 327
327 409
327 497
327 518
328 329
328 511
332 333
137 334
43 335
75 335
166 335
335 336
335 406
335 407
335 421
335 422
335 744
336 407
26 337
51 337
301 337
118 338
162 338
187 338
338 643
339 340
28 340
51 340
192 340
239 340
187 341
91 342
151 342
187 342
274 342
275 342
342 343
342 380
342 534
342 766
51 343
275 343
343 513
343 766
31 345
196 345
345 359
2 346
3 346
69 346
139 346
145 346
294 346
308 346
346 347
346 363
346 430
346 583
194 347
347 378
108 348
134 348
187 348
252 348
282 348
348 349
348 547
349 547
349 625
220 350
221 350
350 677
350 845
351 787
51 352
275 352
352 404
352 785
156 353
296 353
353 354
353 402
353 591
353 738
354 558
354 567
354 698
75 355
139 355
190 355
326 355
355 374
355 422
105 356
189 356
241 356
18 357
61 357
124 357
140 357
179 357
357 435
36 358
51 358
87 358
104 358
358 419
358 436
358 669
31 359
196 359
56 360
57 360
90 360
140 360
283 360
301 360
360 481
83 361
121 361
264 361
361 474
361 807
247 362
362 783
32 363
145 363
231 363
363 364
363 413
363 473
51 364
343 364
364 722
364 852
105 365
241 365
356 365
365 850
10 366
274 366
366 766
367 368
367 481
367 557
367 644
367 690
367 818
61 368
69 368
105 368
140 368
148 368
368 380
368 404
368 490
368 556
368 557
368 690
368 692
108 369
369 622
119 370
370 680
212 371
213 371
216 371
217 371
254 371
293 371
371 579
371 757
371 794
139 372
178 372
275 372
233 373
373 374
373 466
373 590
51 375
375 563
108 376
161 376
162 376
206 376
376 377
376 444
376 515
376 516
376 616
376 768
376 806
161 377
162 377
377 446
36 378
230 378
378 458
378 507
378 523
378 543
42 379
112 379
142 379
143 379
152 379
325 379
379 554
379 557
131 380
380 381
380 472
380 848
381 848
26 382
30 382
60 382
61 382
72 382
104 382
114 382
206 382
251 382
283 382
382 388
382 391
382 535
382 624
382 704
382 743
382 747
26 384
84 384
104 384
127 384
238 384
353 384
384 385
384 430
384 438
384 605
384 617
384 723
384 726
384 834
57 386
69 386
91 386
301 386
387 388
387 408
387 824
26 388
30 388
61 388
72 388
388 530
388 744
389 390
389 544
391 516
28 393
31 393
36 393
51 393
61 393
187 393
231 393
275 393
393 394
393 436
393 458
393 593
254 394
14 395
159 395
330 395
395 396
395 492
395 661
159 396
330 396
24 397
107 397
397 398
397 756
107 398
28 399
51 399
399 400
400 666
400 839
61 401
401 432
401 546
8 402
10 402
89 402
135 402
156 402
236 402
402 404
402 591
402 738
192 403
8 404
28 404
30 404
51 404
137 404
241 404
243 404
275 404
375 404
404 558
404 563
404 766
404 787
16 405
69 405
229 405
405 434
405 589
336 406
406 407
406 422
409 497
230 410
89 411
170 411
411 513
7 412
36 412
192 412
315 412
412 472
32 413
413 597
51 414
130 414
132 414
301 414
414 415
414 607
414 720
414 771
130 415
301 415
5 416
24 416
93 416
94 416
107 416
147 416
193 416
308 416
342 416
343 416
346 416
416 417
416 431
416 437
416 452
416 519
416 543
416 562
416 649
416 700
416 709
416 721
94 417
138 417
308 417
417 431
417 437
15 418
198 418
418 419
419 537
166 421
336 421
406 421
407 421
421 422
421 857
336 422
407 422
419 423
423 424
423 537
419 424
424 537
195 425
290 425
425 532
44 426
45 426
55 426
184 426
230 426
426 427
5 428
6 428
179 428
275 428
14 429
189 429
292 429
429 647
2 430
6 430
15 430
83 430
145 430
275 430
363 430
430 579
430 844
61 432
80 432
213 432
251 432
301 432
432 546
16 433
82 433
148 433
229 433
230 433
242 433
243 433
433 434
433 560
16 434
69 434
229 434
230 434
242 434
243 434
434 560
341 435
404 435
435 684
28 436
51 436
107 437
297 437
326 437
341 437
397 437
431 437
7 438
20 438
28 438
31 438
41 438
51 438
89 438
124 438
131 438
135 438
136 438
156 438
165 438
209 438
220 438
236 438
243 438
258 438
314 438
375 438
402 438
404 438
411 438
438 439
438 446
438 498
438 534
438 558
438 563
438 590
438 721
438 766
131 439
235 439
18 440
68 440
357 440
440 549
440 617
212 441
213 441
260 441
293 441
441 442
441 579
441 725
213 442
293 442
442 579
2 443
145 443
420 443
16 444
31 444
32 444
178 444
231 444
237 444
326 444
409 444
439 444
444 524
161 445
162 445
376 445
377 445
445 446
445 516
445 565
445 703
107 446
231 446
3 447
145 447
347 447
69 448
91 448
172 448
227 448
228 448
243 448
251 448
283 448
386 448
392 448
434 448
448 449
448 509
448 535
448 545
449 509
30 450
450 736
230 451
7 452
8 452
24 452
73 452
74 452
178 452
381 452
452 472
452 499
452 513
452 590
452 667
452 821
4 453
34 453
91 453
267 453
311 453
91 454
137 454
226 454
251 454
454 455
226 455
173 456
288 456
58 459
59 459
192 459
241 459
459 460
192 460
28 461
461 659
461 856
8 462
462 463
462 755
8 463
31 464
196 464
345 464
61 465
68 465
104 465
428 465
465 480
465 546
465 549
465 568
465 706
466 471
25 467
26 467
408 467
467 482
469 470
469 582
469 689
8 472
83 474
98 474
99 474
119 474
192 474
403 474
2 475
256 475
475 514
127 476
238 476
251 476
69 477
179 477
223 477
340 478
478 479
478 507
26 481
51 481
91 481
212 481
301 481
481 557
35 483
36 483
202 483
286 483
483 484
483 523
483 549
483 608
483 609
483 769
35 484
36 484
286 484
330 484
484 671
484 769
43 485
238 485
357 485
388 485
485 744
25 486
119 486
486 487
305 488
386 488
488 579
368 489
404 489
489 490
489 672
51 490
404 490
490 672
73 491
491 774
235 493
493 494
493 740
493 791
235 494
494 740
51 495
253 495
393 495
436 495
458 495
25 496
80 496
115 496
275 496
381 496
496 546
496 583
496 636
496 793
446 498
498 828
24 499
74 499
178 499
381 499
499 628
9 500
51 500
61 500
77 501
212 501
213 501
216 501
217 501
254 501
293 501
371 501
501 757
501 794
399 502
502 503
502 651
503 651
232 504
276 504
311 504
347 504
351 504
504 572
504 582
504 583
504 615
504 657
504 752
504 787
504 847
505 506
9 510
10 510
28 510
36 510
119 510
220 510
297 510
510 590
329 511
156 512
411 512
512 513
512 646
18 514
73 514
275 514
515 516
30 516
517 518
8 519
24 519
519 529
519 530
519 721
521 522
458 523
187 524
341 524
101 525
142 526
143 526
379 526
526 554
526 555
526 623
526 640
526 641
21 527
22 527
114 527
527 576
527 577
231 528
296 528
510 528
528 754
8 529
529 530
529 628
73 531
274 531
297 531
514 531
531 532
531 803
131 533
438 533
533 557
23 534
135 534
187 534
411 534
524 534
26 535
178 535
215 535
535 735
98 536
99 536
119 536
251 536
412 536
420 536
72 537
184 538
230 538
237 538
61 539
540 541
79 542
211 542
241 542
331 542
363 542
542 730
131 543
139 543
230 543
390 544
91 545
172 545
227 545
228 545
283 545
392 545
61 546
80 546
393 546
18 549
36 549
202 549
357 549
549 609
549 706
364 550
243 551
221 552
473 552
507 552
552 736
466 553
143 554
554 555
554 641
143 555
555 641
556 557
556 692
374 557
557 692
51 558
130 558
375 558
558 563
108 559
149 559
559 864
243 560
471 560
12 561
32 561
93 562
94 562
107 562
147 562
193 562
308 562
417 562
431 562
437 562
43 564
460 564
564 782
161 565
162 565
342 565
376 565
377 565
446 565
565 590
565 703
565 765
518 566
566 653
566 752
258 567
558 567
567 697
567 698
83 568
104 568
239 568
480 568
568 706
568 722
124 569
404 569
569 590
569 832
275 570
518 570
570 752
232 571
282 571
296 571
504 571
510 571
571 572
571 687
108 572
150 572
152 572
232 572
572 859
24 573
573 830
139 574
543 574
61 575
21 576
22 576
28 576
51 576
114 576
140 576
160 576
270 576
293 576
444 576
518 576
576 577
576 616
72 578
212 580
442 580
507 580
351 582
582 583
582 689
582 787
351 583
404 583
583 787
584 585
587 588
16 589
69 589
229 589
8 590
28 590
51 590
136 590
235 590
404 590
51 592
352 592
592 593
28 593
31 593
51 593
275 593
352 593
534 593
237 594
315 594
594 606
594 632
594 723
308 595
437 595
553 595
595 838
91 596
175 596
386 596
598 778
137 599
26 600
56 600
240 600
600 601
26 601
408 602
602 603
408 603
192 604
2 605
127 605
231 605
238 605
241 605
473 605
475 605
568 605
605 664
605 669
131 607
607 771
36 608
202 608
549 608
608 609
216 610
254 610
393 610
394 610
610 617
39 611
212 611
213 611
293 611
507 611
579 611
611 824
222 612
223 612
612 613
612 672
312 614
614 615
22 616
61 616
108 616
119 616
120 616
243 616
154 617
250 617
119 618
619 620
619 676
619 815
620 815
28 621
51 621
109 621
258 621
621 633
108 622
142 623
143 623
554 623
555 623
623 640
623 641
626 627
626 686
119 628
408 628
618 628
30 629
51 629
629 816
31 631
130 631
196 631
558 631
631 799
51 633
634 635
634 814
635 814
25 636
115 636
381 636
408 636
31 637
296 637
438 637
637 842
36 638
638 668
75 639
325 639
335 639
336 639
406 639
407 639
421 639
422 639
143 640
554 640
555 640
640 641
640 863
143 641
15 642
419 642
477 642
118 643
187 643
51 644
114 644
315 644
393 644
412 644
593 644
9 645
10 645
36 645
156 645
402 645
458 645
372 647
519 647
253 648
393 648
436 648
648 649
436 649
211 650
10 652
71 652
156 652
297 652
402 652
343 653
488 653
653 745
653 793
354 654
558 654
567 654
78 655
192 655
212 655
232 657
615 657
657 847
26 658
56 658
240 658
301 658
600 658
601 658
28 659
659 856
201 660
395 660
492 660
640 660
660 661
492 661
48 662
49 662
280 662
520 662
616 663
663 664
352 664
153 665
154 665
250 665
254 665
273 665
617 665
666 839
220 667
411 667
36 668
230 668
609 668
669 674
194 670
266 670
535 670
604 670
52 671
216 671
356 671
671 790
51 672
223 672
419 672
477 672
613 672
7 673
8 673
34 673
121 673
178 673
263 673
380 673
452 673
472 673
566 673
653 673
673 674
673 748
673 774
7 674
674 845
540 675
541 675
494 676
620 676
676 815
677 845
207 678
208 678
678 679
678 795
119 680
124 681
159 681
330 681
395 681
396 681
61 682
212 682
256 682
298 682
682 705
682 813
72 683
148 683
409 683
231 684
341 684
374 684
517 684
524 684
80 685
258 685
546 685
535 686
232 687
504 687
657 687
687 688
687 742
388 688
504 688
688 742
470 689
231 690
357 690
444 690
557 690
690 691
304 693
382 693
391 693
108 695
211 695
253 695
594 695
628 695
100 696
149 696
559 696
696 864
697 698
247 699
283 699
362 699
699 783
107 700
700 817
20 701
121 701
137 701
141 701
263 701
298 701
305 701
309 701
312 701
332 701
605 701
258 702
685 702
161 703
162 703
268 703
269 703
342 703
388 705
583 705
705 813
104 706
131 706
480 706
76 708
422 708
31 709
93 709
94 709
107 709
308 709
417 709
431 709
437 709
562 709
709 817
165 710
468 710
19 711
20 711
84 711
141 711
271 711
438 711
341 712
524 712
30 714
51 714
629 714
230 715
293 715
466 715
374 716
83 717
533 717
684 717
32 719
181 719
184 719
61 720
131 720
644 720
720 736
89 721
411 721
30 723
315 723
381 723
629 723
723 724
724 785
78 725
192 725
212 725
260 725
266 725
351 725
655 725
353 726
430 726
726 834
352 729
592 729
593 729
684 729
518 730
130 732
558 732
631 732
732 799
51 733
563 733
694 734
26 735
402 737
737 738
108 739
349 739
547 739
235 740
687 741
688 741
741 742
212 743
326 743
743 747
143 744
488 745
51 746
500 746
624 747
7 748
140 749
25 750
60 750
85 750
215 750
234 750
265 750
374 750
473 750
535 750
674 750
726 750
382 751
518 751
546 751
570 751
751 752
518 752
619 753
620 753
753 776
83 754
231 754
8 755
463 755
24 756
51 756
398 756
216 757
293 757
720 758
61 759
299 759
575 759
63 760
212 760
251 760
260 760
548 761
761 762
548 762
189 763
292 763
356 763
108 764
151 764
369 764
622 764
170 766
275 766
513 766
137 767
251 767
454 767
377 768
518 770
570 770
752 770
179 771
29 772
698 773
773 873
773 880
7 774
368 775
556 775
557 775
692 775
129 777
598 777
777 778
67 779
8 780
337 780
404 780
472 780
567 780
357 784
281 786
409 788
16 789
148 789
439 789
28 790
51 790
235 791
740 791
231 792
154 794
217 794
293 794
207 795
208 795
679 795
304 796
693 796
148 797
413 797
797 878
275 798
570 798
130 799
558 799
147 800
289 800
532 800
800 837
801 802
514 803
409 804
497 804
344 805
161 806
515 806
42 807
352 809
593 809
51 810
569 810
590 810
592 810
51 811
811 812
51 812
30 816
24 817
107 817
818 841
329 819
511 819
61 820
66 820
119 820
539 820
8 821
192 821
264 821
403 821
474 821
364 823
550 823
16 825
242 825
243 825
524 826
477 829
315 831
590 832
565 833
833 862
430 834
63 835
238 836
485 836
103 840
284 840
842 843
684 846
846 861
105 850
241 850
356 850
411 851
667 851
853 854
18 855
156 855
237 855
28 856
340 858
478 858
530 860
281 861
786 861
149 864
518 865
34 866
84 866
91 866
412 867
512 868
137 869
318 869
69 870
303 872
141 877
231 882
222 883
223 883
373 884
517 887
31 888
352 889
107 890
653 891
200 892
