1560
12
0 760 243 262 754 561 1552 176 1510 1105 1019 455
2197
0 1
0 1512
1104 1105
746 758
995 1000
3 4
102 1345
39 47
697 700
6 7
7 8
783 1438
143 145
1089 1203
296 348
1110 1111
10 11
235 1381
436 439
243 1091
1161 1163
1112 1329
1114 1115
679 713
320 321
418 489
1250 1277
43 552
21 22
22 23
900 1314
900 901
25 26
968 996
478 1224
1264 1266
814 1204
1 131
1 3
29 150
29 175
150 154
30 31
30 64
401 493
31 32
31 1117
32 33
64 81
33 34
33 1251
212 443
244 257
1040 1346
828 1470
1264 1298
262 267
1040 1559
37 1308
218 1102
37 190
1054 1408
777 782
1122 1269
1123 1268
281 285
438 442
41 42
1124 1267
42 43
42 48
43 44
798 800
44 45
44 899
45 46
1292 1298
46 47
261 968
1451 1500
1231 1246
591 601
918 932
224 867
684 697
476 488
518 1033
221 648
47 222
1409 1416
1101 1424
457 464
52 380
52 1183
1373 1375
53 54
53 935
53 203
54 55
817 820
54 671
55 56
55 723
38 791
56 57
56 265
500 712
57 273
508 751
372 374
197 481
4 6
174 204
307 632
651 659
1113 1121
8 499
167 1069
1028 1033
65 1455
65 1494
174 186
66 1518
66 1519
914 918
570 1522
948 955
168 169
68 69
137 138
69 70
69 1237
1106 1219
70 361
70 362
70 1077
71 72
533 954
71 869
72 73
72 202
73 1096
73 898
73 1296
74 75
74 168
316 319
925 1428
76 831
75 1454
1339 1536
76 77
353 628
385 677
1031 1040
645 1426
236 716
657 1380
1526 1527
678 715
542 1151
526 1087
83 84
114 178
214 247
358 1555
494 499
197 200
254 256
1068 1166
1150 1151
90 91
1468 1499
530 923
91 1085
103 1276
813 816
1157 1264
1158 1159
95 96
95 1042
96 97
429 431
97 526
5 1164
8 905
732 737
123 125
99 100
99 407
1165 1180
396 404
129 132
518 1460
134 136
1278 1295
102 236
569 1173
112 113
360 593
104 105
1 393
468 725
569 1171
1169 1170
181 192
1208 1422
1192 1417
111 112
113 114
114 219
114 1326
805 1088
115 116
1044 1144
747 748
115 1392
116 117
117 118
1057 1254
181 971
41 844
120 121
920 1051
238 1199
121 122
122 123
1309 1351
405 1494
845 852
923 954
141 720
1119 1163
1129 1365
128 129
51 1017
1488 1515
63 107
488 909
278 281
132 133
568 584
134 323
134 567
134 837
576 1488
571 1413
354 936
136 137
84 86
1129 1130
1111 1215
420 427
665 1361
1295 1540
1054 1086
100 1235
98 1520
1244 1245
1181 1182
598 942
1182 1183
147 148
147 478
140 143
259 480
1296 1297
151 152
1 519
1360 1388
1397 1558
443 896
578 595
1235 1239
158 159
1142 1149
367 524
565 741
799 1087
162 163
162 1094
163 164
74 919
1210 1524
764 1551
355 1215
243 350
956 957
1038 1047
1471 1474
170 171
437 1364
679 684
762 763
35 39
172 173
23 25
951 1091
430 1462
1194 1195
962 964
1502 1523
873 875
550 553
572 574
1343 1348
159 162
1236 1450
600 837
1198 1379
838 841
310 375
1420 1430
542 1152
343 1300
343 433
1275 1279
169 1318
471 473
1010 1014
749 1548
1098 1100
1071 1371
743 775
542 544
866 868
1106 1109
587 591
786 789
313 658
1217 1218
1143 1145
637 1183
1153 1157
1058 1496
1120 1122
1221 1222
286 1166
1222 1223
1222 1495
447 1551
818 837
204 205
679 700
176 811
1007 1011
272 277
120 122
1098 1158
131 778
210 888
1320 1322
262 1420
171 1341
301 317
18 321
1378 1384
1252 1254
454 681
1061 1062
219 220
199 237
679 1333
363 1057
1241 1242
225 226
256 1192
441 442
228 229
443 567
843 846
231 232
1140 1172
459 470
234 235
235 642
745 749
36 98
236 454
36 1520
903 1383
509 514
1528 1530
684 1466
239 1130
1314 1316
488 1288
242 243
224 858
820 1228
243 951
243 952
286 288
244 245
228 774
244 260
1013 1282
701 1169
50 1514
652 848
566 595
689 751
751 1002
248 249
1098 1162
454 1478
526 529
1302 1304
1223 1226
91 93
1267 1268
1031 1032
1268 1269
1269 1270
982 985
842 865
1019 1020
1270 1271
767 773
1142 1160
256 1217
1194 1285
508 1440
1090 1092
539 641
1446 1464
192 991
576 739
236 239
1289 1303
550 587
263 264
1279 1280
454 456
266 267
267 268
643 656
124 633
290 292
270 271
271 272
639 641
1285 1286
544 1258
1291 1294
760 1340
277 278
1313 1320
1238 1253
280 281
1239 1241
561 564
157 690
157 1499
286 287
289 290
286 1072
287 288
172 702
963 1556
289 312
289 313
1324 1325
102 1129
447 640
292 293
293 295
1149 1154
294 295
294 309
230 249
1107 1220
989 1319
297 298
297 313
402 417
298 299
258 318
209 227
646 1286
1437 1468
305 306
305 1379
305 1381
1023 1338
109 1301
283 291
106 1507
1111 1112
1441 1442
309 310
105 1305
470 1021
313 314
242 951
885 886
1058 1060
242 833
108 111
1168 1185
1141 1387
1076 1077
937 1512
133 382
168 1312
424 430
212 246
4 554
333 334
1301 1302
326 328
1398 1506
458 672
662 664
27 1465
346 1269
1312 1318
86 557
345 346
345 1267
28 38
167 382
88 1170
348 349
1316 1317
1317 1320
102 157
1473 1475
350 351
350 1526
350 1545
351 942
1248 1319
352 353
770 1226
185 1120
352 1414
949 973
1096 1216
447 688
353 1418
913 958
1093 1096
1364 1366
829 831
560 563
241 858
231 774
458 674
458 1486
359 372
1453 1456
890 892
1257 1278
913 917
139 541
1227 1479
362 363
488 1052
1438 1449
832 833
511 784
365 366
365 1034
612 947
516 1028
366 367
322 400
367 368
1132 1184
338 381
370 371
194 1260
885 887
739 1243
67 1053
971 986
771 847
212 442
1158 1274
374 1367
1330 1331
376 377
376 1102
377 378
852 1146
378 379
379 380
308 930
941 1331
1341 1342
1044 1075
1119 1165
246 593
197 198
678 682
857 865
390 391
346 730
238 240
934 1016
925 1192
397 398
1300 1301
1353 1372
1327 1330
551 569
400 401
102 638
1209 1211
1389 1390
311 673
1356 1357
1357 1358
50 1363
550 582
66 68
408 409
1446 1447
1179 1181
409 410
429 1369
410 411
410 446
411 412
142 1299
412 413
412 431
413 414
506 795
80 81
881 924
415 1356
989 991
801 1139
835 838
1022 1070
985 987
826 828
86 563
1339 1543
87 636
425 426
683 685
1080 1175
1059 1067
428 429
87 1205
428 603
801 1243
16 24
291 296
327 1229
1228 1238
431 446
337 383
1095 1169
831 1375
327 341
87 1193
494 719
1376 1377
1458 1491
1311 1437
439 440
439 1252
1427 1431
354 879
1055 1057
464 476
98 178
442 443
1003 1005
176 541
97 99
444 445
444 525
444 674
1070 1207
1176 1522
578 586
792 794
448 449
211 1369
980 981
1385 1386
454 455
455 456
455 1345
140 1432
1038 1258
705 1424
906 1433
705 708
145 396
459 1409
657 666
40 58
462 463
101 242
1148 1150
803 818
938 1353
469 470
470 471
880 882
471 1006
75 1383
473 474
144 1046
474 475
486 1323
426 428
475 1225
339 342
478 479
336 337
118 120
1398 1415
781 783
246 248
783 785
62 78
483 496
484 485
193 511
485 486
891 895
486 497
1171 1173
487 1429
487 498
170 1309
86 549
227 451
86 560
3 721
107 352
1190 1260
363 1164
278 280
382 384
496 525
122 397
497 498
1449 1453
52 504
475 477
245 521
229 231
1281 1541
554 703
502 520
1432 1433
638 1470
224 241
638 1450
553 556
62 65
29 408
196 481
512 513
1137 1230
1135 1298
670 1513
516 517
517 518
517 1028
517 627
518 1458
62 620
811 931
140 1175
523 524
1515 1523
523 661
524 1262
524 1281
679 1423
233 972
1439 1492
899 1025
354 660
530 531
217 223
531 532
532 533
532 825
129 994
944 945
92 1164
535 536
1443 1444
535 921
536 537
536 1138
1186 1287
537 856
1444 1445
3 393
547 551
541 542
726 728
1444 1490
544 545
1194 1232
34 804
545 876
545 1158
383 394
283 419
189 1043
130 1147
1445 1462
210 239
1353 1368
1451 1457
950 1476
141 144
49 1141
252 254
77 1348
212 233
879 884
561 582
787 1338
669 672
220 222
590 1216
49 1367
47 330
708 727
115 646
180 182
50 1048
1467 1501
905 1405
1116 1134
176 179
115 145
209 694
77 79
1538 1552
323 1557
1458 1460
574 575
1463 1490
537 539
430 761
306 307
579 580
579 592
802 806
562 640
701 704
384 386
681 690
1519 1527
681 716
310 312
806 908
1472 1473
596 1002
600 803
592 593
726 820
178 389
754 1360
205 385
358 1371
566 1319
93 95
533 1531
103 106
1479 1480
887 894
205 210
1543 1546
731 732
1121 1210
403 1288
1224 1225
759 771
615 616
1480 1481
6 1229
1481 1482
621 622
274 276
684 1339
1141 1143
496 625
628 629
1400 1403
629 630
198 199
735 1011
1465 1513
1206 1284
651 1131
687 1290
255 258
255 1154
1001 1070
1484 1485
917 928
967 969
269 1083
644 645
645 646
142 187
570 923
1368 1411
642 644
518 626
268 635
427 435
805 830
268 270
228 307
203 671
752 767
1493 1494
1213 1308
206 208
664 665
664 1401
664 1402
64 67
887 889
490 543
667 668
725 788
668 669
669 825
1494 1495
296 1489
257 741
114 1436
50 1513
1513 1514
672 833
300 302
674 1336
675 676
1503 1504
71 607
1213 1511
1462 1463
1079 1110
1366 1380
528 1541
682 683
969 974
595 1319
685 757
1034 1036
1508 1509
730 731
912 915
848 1442
848 849
692 693
848 1493
2 12
324 328
1211 1212
1120 1271
464 1178
907 909
102 716
829 1361
978 1474
98 1436
773 1093
57 59
785 1453
13 1020
709 710
710 711
13 14
979 1032
1517 1518
120 878
279 283
359 361
1261 1289
526 799
1403 1410
791 793
1192 1428
57 90
1066 1287
335 1530
306 1198
260 1117
978 983
141 189
115 1426
728 729
1238 1328
937 1412
734 735
1023 1555
735 736
1418 1425
286 1127
1370 1404
1 327
335 1535
398 400
148 151
639 842
424 1340
1532 1533
810 1156
545 1256
1377 1380
104 736
364 851
1537 1538
317 409
638 1345
1266 1292
346 348
583 585
441 594
570 1281
1065 1102
321 1513
145 1286
1065 1066
1546 1547
960 961
187 1140
26 29
93 1223
415 499
643 647
406 1392
406 909
779 780
850 1493
1446 1451
791 1424
646 1240
1080 1187
760 1529
1120 1399
539 541
1006 1008
696 699
563 578
1321 1338
122 875
563 566
889 1327
6 719
693 695
182 597
1406 1408
1017 1029
1008 1009
289 689
125 128
1424 1438
247 282
808 809
1352 1389
607 1104
141 1127
812 813
814 1037
934 939
118 880
816 817
331 333
387 1219
959 963
513 769
501 606
513 516
293 304
825 952
756 800
417 764
241 626
241 627
265 723
265 273
273 275
401 403
355 1097
29 1543
833 834
489 490
834 835
320 504
823 908
822 824
1245 1247
503 1517
261 1505
124 1019
848 1492
902 903
826 1401
849 850
849 1492
849 1493
850 851
26 154
322 493
1198 1201
5 92
118 1426
853 1079
853 1464
493 495
1084 1395
459 1370
374 376
164 167
859 860
60 190
859 1497
860 1114
245 546
860 1274
125 129
863 864
965 1177
1123 1124
62 1472
778 1479
247 509
1081 1175
778 956
1062 1137
341 344
871 872
463 465
344 766
222 467
607 911
877 878
1366 1383
1119 1200
788 792
342 346
1477 1551
257 577
632 636
7 703
889 890
895 914
892 893
447 606
638 1394
185 1399
328 333
328 331
424 597
172 919
87 88
1159 1162
901 902
902 1317
903 904
145 522
528 530
212 441
169 171
310 1439
29 446
288 870
307 774
610 922
104 724
450 452
432 434
452 461
440 830
1260 1261
696 709
479 481
504 884
1165 1167
217 691
811 845
1001 1022
926 927
1184 1190
631 1145
591 602
920 1362
545 1097
825 832
66 351
1348 1373
110 119
935 936
867 1551
519 717
1073 1391
937 938
937 1411
251 255
60 1193
938 1350
226 228
851 853
741 752
941 1322
1383 1461
941 1341
942 943
131 344
1258 1259
1383 1385
945 946
946 947
37 1250
171 894
619 620
519 956
925 931
1374 1376
811 815
811 929
306 1381
261 1476
627 634
1123 1370
961 962
627 867
634 769
966 967
104 1305
32 1053
806 808
5 1155
981 982
227 1433
1342 1344
387 1109
671 799
973 1544
173 951
1414 1421
1460 1462
480 1525
116 118
293 297
628 888
94 1205
931 933
76 844
706 709
136 1063
1070 1479
1099 1362
827 1335
1018 1040
564 1557
190 1308
707 712
722 723
722 761
613 1136
1175 1232
1349 1367
407 422
811 1056
676 678
782 784
166 213
1038 1041
794 1145
131 1480
1059 1064
370 1550
794 944
64 89
290 765
1041 1256
258 269
577 1296
214 514
656 775
662 1354
756 823
1046 1047
228 718
1313 1318
272 278
576 1421
489 1485
1053 1251
1167 1200
1360 1520
965 976
1373 1396
929 931
1445 1460
1058 1112
1060 1061
957 965
600 773
1026 1039
1519 1522
826 1470
874 891
101 172
340 357
1168 1395
403 406
992 995
831 1315
74 900
340 857
1307 1378
924 950
359 1072
939 959
201 670
1531 1545
856 857
925 933
35 1095
875 975
503 506
1210 1231
418 1485
670 1374
508 596
1043 1046
209 698
800 802
622 625
1454 1459
839 1174
176 1135
1538 1543
1333 1513
143 1432
802 1075
1066 1068
254 579
220 663
1482 1484
324 326
928 934
1100 1274
1207 1227
863 1501
498 707
650 1414
1450 1452
187 1299
190 1213
872 873
34 436
598 946
523 528
586 1249
15 21
230 233
910 1040
1032 1040
315 1557
1277 1402
990 1040
657 1374
1311 1315
36 754
129 382
103 353
16 45
556 561
221 1543
546 550
1516 1517
236 1528
695 696
367 1281
618 855
852 855
537 855
414 418
194 733
1448 1488
1504 1508
169 170
262 263
1310 1399
1032 1362
1157 1158
1030 1031
1031 1559
810 812
356 1139
287 807
314 316
474 1224
1139 1542
237 238
456 458
915 1109
821 1109
1247 1248
1303 1321
1141 1516
1144 1203
1212 1213
1118 1119
90 799
1115 1116
828 829
282 602
1055 1252
1051 1398
257 565
307 1170
159 166
1444 1491
904 905
1537 1543
570 572
486 841
1204 1277
490 492
595 1355
1465 1466
1134 1135
311 581
152 158
1237 1498
580 581
196 197
634 764
447 764
548 1043
562 606
50 1387
771 1438
227 438
831 1343
1208 1209
395 1497
394 402
83 557
1363 1364
26 221
24 35
926 1131
268 324
315 564
288 1131
1036 1037
847 866
1083 1084
601 602
785 786
0 519
1319 1355
207 749
89 92
1547 1552
1407 1414
604 979
599 600
898 1476
388 392
727 742
208 214
1201 1202
1251 1252
636 1205
194 787
954 1522
47 225
608 610
338 1074
284 1173
649 653
487 491
367 570
419 420
1509 1510
1248 1249
291 1483
296 1483
1434 1435
515 1136
176 1056
1012 1136
332 1019
1018 1019
352 1410
586 588
766 1482
397 1067
1217 1476
288 1043
124 470
59 62
5 68
258 1142
264 266
1168 1399
1334 1399
862 863
1537 1553
1322 1372
1290 1291
720 830
792 970
653 654
414 416
85 222
415 416
466 1388
740 1388
232 234
687 692
581 1419
1536 1552
577 583
1456 1467
180 424
1072 1076
1050 1141
126 130
342 345
1051 1346
435 1120
177 185
483 491
129 167
1147 1148
605 913
1359 1393
960 1027
144 146
533 1078
781 1438
878 880
552 557
218 377
636 1202
55 799
624 1145
1205 1208
386 390
605 934
809 810
581 1417
467 472
1018 1549
1253 1272
702 1389
497 1389
366 1281
922 925
483 484
175 408
1005 1007
993 1223
1206 1246
157 716
619 1223
1099 1334
881 1106
421 423
925 929
423 425
186 801
546 752
879 1242
154 428
1045 1049
804 805
92 1176
261 274
89 1176
1523 1548
1282 1519
216 441
18 679
505 599
335 444
445 448
449 453
399 410
739 740
408 1465
459 462
203 1242
538 720
465 469
19 138
94 1422
325 491
1125 1132
284 613
661 662
1028 1553
361 372
623 624
186 192
1009 1010
352 711
334 339
853 854
74 1521
1443 1475
848 1475
275 1475
336 502
135 358
459 1122
507 510
510 512
1041 1137
81 363
1533 1534
104 1273
547 743
1072 1186
742 759
1065 1186
110 146
256 535
918 1004
1355 1365
551 643
906 907
1204 1308
141 1043
260 432
105 108
740 745
429 1554
1369 1485
1405 1406
137 140
315 323
1368 1408
749 754
569 787
139 639
242 1323
1103 1328
1030 1404
248 592
262 1483
1410 1425
166 200
262 593
670 1465
1236 1394
616 621
106 628
685 687
1282 1522
1336 1337
603 611
565 767
587 602
1182 1239
893 894
111 1003
699 1275
67 80
714 957
1299 1300
109 1300
226 229
4 721
1222 1496
191 1323
597 1462
263 1419
206 1213
987 988
655 1419
20 27
1243 1542
348 1271
482 1441
666 1374
534 1441
604 1413
173 947
11 15
581 1192
431 1369
488 1395
868 874
138 140
246 840
485 500
186 1139
1141 1517
372 503
53 879
1243 1244
1552 1553
686 1244
778 965
433 1108
754 757
373 375
218 1179
1300 1306
172 1521
212 840
644 883
882 883
1080 1081
434 1092
389 675
1191 1192
187 426
974 975
921 922
1016 1071
1152 1153
554 1406
1026 1406
317 410
420 897
372 1517
771 1424
759 1424
980 1027
482 501
1122 1123
321 679
372 1349
886 887
484 500
1168 1310
157 831
748 827
75 944
1085 1087
79 1293
1440 1441
1066 1179
854 859
820 862
459 979
1197 1198
129 871
876 1038
347 354
875 877
1386 1387
37 41
37 665
17 1556
1181 1235
1097 1098
1048 1387
499 719
437 1377
461 903
1073 1074
183 184
795 1518
821 865
1313 1314
540 1088
48 60
503 1349
422 926
611 1485
1000 1001
543 1485
660 935
722 936
468 792
1048 1050
938 941
1351 1352
623 944
527 1175
392 851
821 822
1249 1332
321 1333
371 1402
964 966
223 227
330 734
340 387
268 271
231 772
1280 1283
149 1275
100 927
253 254
82 471
733 1173
567 818
451 457
301 399
1427 1550
824 1105
1204 1550
870 1038
473 481
659 1042
1250 1402
700 1333
1145 1517
110 153
1206 1231
76 665
288 1047
647 656
195 301
1121 1334
187 611
367 1262
219 472
1062 1226
51 1023
1447 1497
718 1170
12 1283
1014 1015
680 1244
614 1085
182 1534
210 215
1064 1067
1423 1529
244 1090
780 1307
466 1520
984 1028
859 1100
113 219
1326 1332
1383 1469
355 1110
1177 1188
573 576
308 311
160 161
1124 1126
1126 1128
130 955
211 489
679 1529
50 52
318 322
973 999
984 1552
753 755
139 1147
1543 1552
1312 1314
729 733
1443 1477
456 1486
571 1099
950 1106
34 434
1087 1239
171 892
1029 1125
700 713
1133 1168
1189 1191
79 83
1218 1219
214 509
1195 1197
1255 1309
160 1038
291 427
28 1283
515 958
318 495
911 912
845 1056
1129 1468
1042 1230
250 251
529 1235
756 1101
637 1242
566 1468
1196 1256
699 706
976 977
1263 1265
1265 1267
246 360
180 1340
492 494
948 1147
1063 1187
963 978
807 1131
659 1131
916 949
120 401
836 912
734 958
242 952
624 631
1510 1544
573 1243
638 690
1384 1471
8 657
986 989
422 651
721 1408
613 1171
302 308
1347 1350
1113 1399
1084 1288
299 303
440 1254
320 1514
822 955
1103 1228
9 137
763 764
1068 1287
1025 1095
647 775
786 1453
748 839
195 409
797 1385
997 1386
66 1517
1397 1401
173 598
703 1405
1311 1375
1220 1257
110 161
393 1411
860 1135
171 1429
933 1359
1439 1440
822 915
282 561
17 135
896 1433
737 738
515 547
279 1435
544 1259
640 1442
761 1463
723 1463
119 126
341 768
153 1105
186 356
584 588
560 588
839 1105
216 217
809 1044
1272 1273
344 1481
204 210
595 1249
1229 1484
1233 1484
1396 1437
1053 1055
275 1490
153 460
107 711
1041 1131
1481 1503
208 1213
1072 1166
159 200
80 1055
1293 1396
826 1394
733 787
617 845
789 1456
1529 1532
180 1532
786 1456
1133 1163
405 850
2 369
568 1326
349 1271
455 1452
13 1199
177 1120
979 1120
940 1482
233 968
796 843
1150 1259
999 1024
251 1382
393 1512
971 991
347 1529
179 1214
443 1096
790 1512
1299 1306
1442 1477
502 507
872 998
18 504
661 667
1108 1540
665 829
571 1334
76 1348
296 435
392 850
481 1035
635 1045
1346 1362
58 63
408 1339
269 1160
54 722
173 919
368 370
1253 1328
284 1136
684 713
846 916
990 1549
977 992
30 575
534 562
39 701
1089 1294
329 359
714 1188
796 1227
772 779
97 651
1144 1156
1075 1294
580 1430
68 506
1067 1074
174 181
1460 1534
1155 1519
38 1283
122 125
470 633
75 612
681 1452
660 879
204 215
561 1063
717 957
181 677
498 500
150 1554
689 1002
612 945
1002 1234
201 499
8 415
704 718
105 676
1077 1127
440 1127
744 746
371 1262
767 1093
803 1093
365 511
604 1362
979 1122
60 1211
168 170
784 1117
988 994
75 624
740 1515
827 830
141 830
586 1332
715 724
1311 1499
766 768
744 1483
179 183
184 188
199 200
411 1358
446 1554
1323 1390
752 773
201 657
240 250
156 1368
249 252
979 1413
776 777
337 634
364 373
354 760
430 760
669 832
263 1049
165 922
686 1332
388 1079
209 1434
1510 1525
379 1048
793 798
349 435
263 1045
233 590
669 1394
204 356
845 929
1088 1090
193 575
926 1068
113 220
559 741
750 753
755 762
1421 1448
960 1023
510 769
487 654
456 1337
173 612
37 76
558 804
815 819
609 615
861 1461
869 881
535 1219
1459 1461
1366 1469
889 892
776 1036
652 1477
726 1228
71 805
1019 1206
361 1076
740 1502
1015 1021
1069 1073
1082 1479
1081 1232
361 1498
413 1369
257 1088
259 1301
815 1214
884 1183
466 1436
672 1236
294 1324
807 1166
729 1103
1165 1434
46 85
389 678
1113 1334
1483 1489
1086 1353
436 555
1535 1539
336 383
520 589
10 589
571 1362
631 1517
