2391
16
0 665 1995 1082 1755 1304 1492 699 2205 1795 899 265 2222 2376 1597 147
3632
464 1895
1334 1337
538 541
0 555
2023 2312
1219 1228
280 282
1906 1907
270 309
1007 1009
1274 1338
2225 2236
2341 2344
725 727
522 525
752 753
817 888
1792 1794
1193 1202
1711 1837
1723 1728
10 11
1910 1911
688 691
11 12
231 1413
441 496
903 1874
1278 1280
15 16
2228 2229
16 17
1278 1338
200 1650
261 1603
25 28
1322 1325
19 20
1607 1610
20 21
1870 2160
861 1500
1900 1901
237 2362
457 633
23 24
768 770
24 25
1450 1760
1783 1787
1277 1696
1281 1306
1182 2380
5 1856
524 2064
181 1839
1578 1581
1666 1850
374 1800
256 984
494 2274
164 169
2017 2158
682 683
33 34
1159 1161
2374 2375
1590 1945
36 37
36 1024
36 1025
229 1733
1913 1926
873 883
1778 2136
40 500
213 276
42 43
2054 2169
172 174
336 1599
43 1085
476 505
1140 1909
930 1645
864 1899
346 350
92 96
1062 1087
1824 1846
92 2367
1282 1867
1266 1268
1701 1713
56 57
912 1671
118 1060
373 405
1773 1839
590 649
1201 1204
586 2092
519 563
1880 1881
176 178
899 2163
63 64
128 131
886 1575
353 354
355 1603
886 2338
1844 1845
1309 1374
68 69
68 100
1982 1989
69 70
69 1155
654 690
456 469
721 2032
73 74
73 2210
2040 2042
507 512
74 75
1993 1998
76 77
1192 1211
76 180
77 78
2149 2156
1394 1885
11 1635
1881 1982
838 1317
311 1276
82 98
1123 1126
249 1904
82 1920
85 86
1597 1600
387 392
86 87
1939 1940
99 1439
87 2359
2255 2257
181 1765
384 2262
92 93
1678 1833
13 681
1749 1752
628 2088
96 97
920 924
97 305
2043 2368
98 99
1039 1044
99 100
643 2159
1219 1648
994 996
518 520
1068 1833
1193 1203
30 52
381 383
105 106
365 1355
106 107
107 108
479 492
1868 1897
862 1470
1666 1713
1144 1146
1682 1686
78 81
236 1605
284 1623
1022 1024
1841 1843
2233 2374
1309 1329
370 372
911 1568
1462 1768
788 1513
116 117
117 118
117 879
118 119
119 120
120 307
120 308
46 1890
1582 1944
1950 1951
1561 1563
646 2032
685 698
1792 1814
271 283
419 1300
1197 1262
127 130
2298 2302
1157 1159
1337 1344
2229 2235
130 135
627 1020
635 2208
132 133
147 153
13 53
1692 1697
1131 2119
1963 1968
128 152
994 2292
137 138
1471 1568
137 1516
138 139
526 998
463 468
363 2271
550 552
373 403
419 1006
1711 1815
290 1555
290 1381
147 2018
2217 2231
1495 1631
44 1758
469 646
673 685
1287 1291
153 154
153 2122
440 443
154 155
154 961
155 156
2297 2298
157 415
157 162
157 1788
158 159
159 160
160 161
782 787
1409 1949
41 1439
1409 1410
1968 1969
163 164
163 2032
437 1922
1609 1680
2078 2080
169 180
1826 1828
1394 1939
58 125
279 291
1507 2324
335 1765
730 736
714 784
1461 1817
174 175
174 437
175 176
1052 1385
72 298
43 1079
1257 1965
1207 1880
1976 1977
201 1071
180 298
1021 1341
1977 1978
567 739
551 1160
560 563
1021 2204
185 186
185 1050
2315 2319
1965 2168
2191 2194
187 430
384 2180
208 217
2194 2196
375 378
2322 2334
637 711
703 1505
2072 2076
59 61
556 2361
2185 2187
1239 1242
195 196
1430 2155
385 2024
923 928
2072 2111
1018 1062
266 268
1648 1668
201 202
1344 1356
2065 2344
1319 1340
203 204
203 379
868 869
204 205
268 995
205 206
206 207
207 208
438 440
2219 2221
1364 1366
1761 1768
467 470
1365 1367
1972 2005
1962 2329
1309 1316
1821 1825
1951 2066
2250 2251
1718 1723
364 2263
340 2121
444 551
1640 1843
340 2370
228 229
911 2343
678 750
1719 1720
391 1636
986 1141
231 232
715 997
1184 1409
678 753
532 1380
1812 1816
2304 2305
1351 1591
42 975
1372 1423
632 650
735 962
1859 1870
238 1619
1033 1039
239 240
241 242
1348 2206
468 732
242 243
54 1420
604 605
1438 1445
245 246
1351 1354
246 247
247 248
508 509
844 926
511 633
130 132
1309 1342
452 455
2285 2288
1999 2003
1608 2100
1302 1306
1186 1197
920 1030
1831 1977
1028 1854
257 258
258 259
1098 1960
259 1613
729 951
261 1117
232 234
661 745
2021 2022
0 1090
1497 1500
211 1813
265 266
1975 2311
502 783
2175 2214
812 837
1567 1595
894 1970
268 269
388 2382
269 270
270 381
804 805
521 977
274 275
301 578
1286 1289
388 704
2037 2038
1164 1706
1675 1716
564 1214
197 722
672 715
312 320
1009 2102
2038 2039
2170 2172
647 887
544 602
604 2248
284 285
284 2145
284 2168
548 1597
789 2234
1229 2151
615 618
2049 2050
1026 1032
1110 2250
603 1545
491 494
445 1456
699 994
1938 2062
1493 1501
1785 1798
1624 1628
500 1400
1785 1786
1409 1452
1252 1740
273 1107
2231 2263
2234 2237
401 404
1957 2017
1957 2147
1341 1818
1957 2153
59 2335
620 1411
1580 2196
448 466
1624 1664
611 1352
459 1389
1048 1049
2042 2043
1469 1473
1102 1199
1674 1706
469 2032
1448 1451
1007 1192
469 472
2066 2380
586 2044
315 521
162 713
1030 1034
344 1054
1158 1673
314 1175
1343 1794
1044 1545
1343 1346
828 840
1450 1498
543 1433
74 1319
744 745
623 1316
64 1803
321 2385
322 323
597 622
1688 1691
875 1565
551 1629
1911 1926
1925 2322
1491 1506
1290 1293
327 328
934 940
900 1869
327 2313
328 329
211 1679
330 331
1293 1296
330 1304
753 755
834 1343
816 2041
1595 1698
333 1604
126 264
108 433
536 540
1654 1656
952 957
1496 1499
902 910
1860 1863
1917 1922
338 339
138 173
1028 1851
1178 1181
1104 2351
864 1181
34 2115
1303 2209
2088 2122
806 812
1330 1988
44 1759
251 846
652 903
1667 1668
53 1568
53 65
1231 1667
1456 1457
457 1595
1231 1232
354 1509
652 907
1978 2118
1854 1855
255 306
2026 2028
737 2198
1853 2143
1335 1358
359 360
763 767
1615 1735
984 1013
734 755
1228 1648
434 435
111 2092
363 364
1065 1614
523 560
365 366
605 606
366 367
2327 2328
1583 2361
684 686
1345 1364
9 2268
2086 2103
738 746
115 1472
372 373
1699 1703
1663 1825
1460 1462
426 464
394 1807
1709 1824
1948 2136
1617 1618
2 122
2189 2190
50 51
2120 2121
1402 1866
924 930
1366 1904
1689 1827
383 384
383 995
384 385
622 636
243 1283
424 1644
387 388
47 49
1191 2102
389 390
59 296
389 1712
390 391
391 392
391 704
478 480
1985 2012
1514 1522
394 395
394 1760
124 127
395 396
395 1498
861 862
140 2343
531 1804
1030 1376
29 2003
776 780
890 1601
1402 1403
402 403
1454 1513
758 842
730 2031
5 2247
793 1021
589 1350
615 692
361 681
411 412
316 2229
1162 1205
316 2233
415 416
1621 1627
21 2135
419 420
8 38
420 421
1082 1093
421 422
422 423
126 904
796 1180
1917 2118
427 428
413 441
443 935
1436 1446
308 911
458 462
260 1225
188 1650
2060 2339
924 1154
660 1459
1193 1823
612 623
435 1756
436 447
1594 1611
1834 2189
14 703
190 193
38 1022
2059 2061
2232 2238
716 863
666 667
446 447
1662 1684
2232 2249
448 449
1283 1285
1160 1629
449 822
1064 2172
21 23
397 2340
1663 1780
103 184
909 2387
397 2330
1242 1405
1610 1662
627 1814
1285 1287
458 459
607 2363
458 835
459 460
460 461
461 462
789 792
607 1942
465 466
588 2116
466 475
1285 1292
467 475
942 1759
500 980
2 4
705 708
1013 1045
682 992
470 471
1285 1294
408 1397
330 2171
243 313
662 2053
231 1395
519 539
42 1779
2191 2203
2227 2266
868 876
68 316
480 481
1434 2127
1512 1515
1005 1008
802 1526
121 2357
760 1425
859 861
2284 2285
489 490
1610 1655
1152 1477
490 491
1953 1959
1684 1690
221 626
835 1467
1209 1217
1723 1729
1518 1594
1198 2177
364 1200
877 2339
853 1156
499 503
1267 1269
133 143
2233 2235
1260 1266
2248 2345
275 1130
968 2171
447 1207
1612 1621
1043 1116
1043 1754
1596 1956
665 1838
1495 1497
588 1397
2303 2308
1031 1035
514 515
799 1172
529 1380
635 638
555 569
405 816
1814 2271
103 1157
669 699
1214 1216
1147 2316
2077 2078
530 1108
103 189
531 1806
531 1852
137 911
1034 1376
751 773
1133 1161
534 550
1072 1466
2054 2245
401 1040
1454 2230
327 1198
1631 1633
1731 1734
1108 1109
2112 2138
611 845
545 546
696 2339
2187 2188
1743 1747
549 550
842 867
52 67
552 553
1525 1924
139 150
910 932
616 1357
630 1014
553 647
1103 1104
1669 1673
557 558
557 1118
1487 2310
1815 1837
1177 1883
627 629
831 834
1612 2100
1057 2209
615 1858
145 162
946 1876
73 1593
2141 2144
1093 1098
737 739
1158 1424
569 570
541 549
2205 2206
572 573
460 945
573 574
573 664
942 1756
256 2091
575 581
576 660
1943 1953
1432 1437
498 981
228 1694
2057 2278
7 27
932 964
436 438
446 1950
2366 2372
256 1183
1389 1401
1741 2022
623 624
815 2224
1170 1173
2099 2116
486 1562
436 493
1315 1326
717 1883
799 804
2146 2148
446 1793
594 595
594 1534
595 596
1431 1433
2209 2211
2240 2241
1210 1758
599 600
600 601
601 602
602 603
567 736
1335 1378
1296 1731
275 277
1105 1122
606 2373
864 1370
607 608
1349 1956
337 486
608 609
1238 1251
1569 2164
316 2235
2087 2122
870 1476
764 770
65 140
1850 1933
614 615
1238 1258
615 616
86 90
616 617
1908 2105
617 618
1037 1848
618 619
1888 1890
959 962
160 2268
1245 1721
1102 2127
2239 2240
2065 2067
1710 1714
624 625
624 1981
624 1342
17 478
816 818
20 478
1053 1055
1037 1830
646 795
405 410
443 2089
2302 2304
629 630
1575 2342
387 1584
236 257
578 580
1528 1529
407 408
2144 2200
129 1770
204 2192
913 922
368 1105
640 641
640 1550
2237 2239
641 642
436 1422
661 663
1856 1995
1710 1718
97 889
3 174
4 2027
743 1729
647 648
647 884
2360 2363
1807 2052
1005 1946
1119 1411
572 575
555 1081
412 818
1005 1741
1505 2036
27 1432
656 657
355 2234
2200 2227
1645 1707
658 2218
553 648
418 2337
2243 2244
1846 1996
1149 1226
1977 2207
228 1704
134 250
440 535
2258 2264
1617 1623
883 1775
2311 2346
1394 2140
1440 1441
1113 1318
1455 1696
564 566
1575 2338
166 170
670 671
670 701
1455 1674
1959 2030
511 514
674 675
1046 1047
675 738
1233 1234
672 714
475 1186
856 2299
1226 2322
585 2253
470 1101
1455 2015
88 142
1345 1347
1963 1966
1986 1991
2106 2117
682 1220
1705 1734
964 984
714 1177
534 981
687 688
2316 2319
218 253
534 538
966 969
807 1789
314 1173
1661 2035
2103 2113
693 694
1479 1914
693 697
1801 1802
197 1071
1834 2188
1752 1755
1940 1942
112 2121
1574 1660
1736 1788
1281 1283
701 702
1659 2073
495 526
1125 1136
1061 1066
1048 2093
862 863
919 923
633 1047
440 1881
529 1334
2285 2291
147 2028
1792 1818
2060 2075
165 166
766 997
898 938
892 2381
2068 2071
1240 1245
1240 1867
1974 1975
1378 1380
13 1570
719 720
343 353
343 346
46 1839
1801 1902
2301 2354
584 761
2302 2317
731 790
1681 1683
584 592
1238 1248
2041 2153
547 560
705 1797
679 785
928 934
2004 2045
1307 1310
2285 2287
744 746
1870 2148
133 1552
745 1672
1618 1622
1229 2134
750 751
912 1567
363 1348
301 1012
54 1152
1678 1681
308 885
158 933
634 1211
2018 2026
371 2003
180 1809
1030 1518
270 272
1187 1191
2334 2345
1520 1531
2025 2362
378 380
1696 2015
353 508
158 951
1294 1298
968 2366
520 530
186 1869
541 545
1241 1350
723 779
213 1609
499 1070
2186 2216
1999 2008
1039 1392
1907 2105
279 571
1167 1172
1374 1375
2068 2089
1030 1383
211 212
784 785
192 1255
55 406
178 463
1434 2125
1183 1213
1425 1428
525 633
370 1695
109 113
621 1983
1311 1334
1077 1886
1510 1511
2157 2216
1480 2375
1511 1512
1088 1092
954 985
988 1156
1588 1945
808 809
95 103
1553 1556
2005 2030
2190 2193
2130 2197
1972 2199
63 921
63 2280
63 887
388 1895
1384 1386
1772 1790
59 1163
405 423
2134 2157
101 2260
1929 1930
1124 2248
165 244
589 1363
1040 2170
1825 1850
1935 1937
1937 1938
1938 1941
828 832
1941 1943
1195 1211
1222 1449
675 741
1029 1862
1504 1607
164 2032
827 830
1266 2370
1587 2361
877 1272
1888 2016
1504 1506
77 312
860 1855
2123 2260
714 1577
1385 1794
864 865
2121 2203
1073 2376
1054 1458
183 192
987 1725
113 2177
48 304
218 219
94 1150
1414 1415
2058 2062
192 194
2157 2159
2087 2088
71 83
2364 2365
2058 2173
902 1297
1842 1843
1118 1120
395 1134
521 527
1473 1475
216 1813
21 579
731 2270
2114 2118
2293 2295
353 1508
1527 1533
1805 1927
1449 1949
1735 1867
2195 2199
562 564
327 1472
895 896
2132 2133
1040 1051
1129 2290
2243 2246
2113 2119
1042 1763
382 386
289 1562
1021 1818
1890 1892
398 399
2242 2372
399 1928
583 1859
198 324
219 593
823 2185
1449 1452
124 1359
2277 2280
520 522
45 47
260 1623
2347 2377
1748 1753
80 145
855 1496
1446 1453
2347 2353
548 1877
288 290
550 648
2232 2267
1935 1992
380 1886
2238 2242
39 1672
2242 2245
302 1626
492 1838
1719 2101
1165 1168
113 1472
1485 1488
947 948
2081 2163
646 732
726 846
1506 1616
957 958
1016 1727
2269 2272
18 306
1194 1204
826 881
1193 1206
1203 1880
1975 1976
969 970
324 2068
1126 1131
324 2149
171 417
992 1241
1259 2095
1751 1909
979 980
979 1572
2054 2056
964 967
1408 1470
1961 1970
1466 1468
915 937
1015 1016
1559 2341
228 1433
1100 1125
262 265
499 509
819 2167
1235 1243
1027 1391
1027 1948
1224 1236
718 722
993 994
468 2032
135 868
67 88
1230 2045
1860 1862
1241 1244
67 1623
2308 2310
1699 1700
1084 1148
44 1210
556 561
1361 1369
1561 1565
682 1147
1991 2087
1260 1268
1107 1170
2386 2388
1052 1388
2209 2219
1017 1124
1157 2183
2007 2008
1886 1889
1537 2179
156 1398
546 1056
2083 2084
1647 1649
341 577
77 1809
1395 1396
325 1161
352 1931
1028 1029
353 509
1643 1646
1121 1425
999 2138
1114 1161
401 1019
535 866
234 1921
535 1998
1786 1789
241 1609
659 737
305 2351
2097 2108
1962 1963
205 1840
1710 1717
472 476
1088 1102
1592 1598
1076 1078
1537 2228
1047 1048
1049 1050
248 1281
2150 2152
1985 1986
2163 2164
616 854
1436 1453
2057 2255
1530 1558
210 1557
409 501
368 1031
1367 1371
1058 1458
1058 2120
1853 2183
1530 1566
398 1554
3 695
144 146
2043 2049
229 1715
987 1059
2333 2381
18 22
22 26
1639 1721
482 2098
818 2167
536 909
702 1177
792 1117
2005 2017
978 1008
267 271
1903 1906
467 1379
527 536
545 656
527 1838
186 359
1091 1092
1619 1838
40 1399
1447 1513
127 1913
413 1893
278 1920
1096 1097
278 361
1104 2352
85 2339
314 318
1421 1423
1586 1658
834 2206
1863 1865
1915 1919
0 1081
1111 1123
289 2343
248 1311
793 1818
1676 1677
217 224
617 709
209 214
209 356
1334 1335
585 1698
1509 1804
294 1824
2309 2325
1010 1154
1331 1333
1114 1127
2242 2379
199 426
1010 1376
1487 2308
1765 1884
954 963
100 896
1004 1007
40 508
80 1229
431 434
786 791
25 1106
40 1804
497 2327
345 347
278 349
349 361
1560 1563
845 848
1082 1988
1156 1157
855 1073
1484 1777
517 521
1275 1517
2125 2127
248 847
1728 1729
498 1804
183 1190
663 667
454 822
425 427
2181 2219
677 2115
85 293
2286 2292
1165 1166
1165 2006
1702 1705
2010 2036
360 2259
1907 1908
1170 1171
203 1449
1051 1053
515 518
1174 1336
131 134
1035 1037
1524 1527
1679 2321
1320 1321
72 300
1409 1449
2096 2106
323 770
1068 1685
1264 2373
18 26
3 163
667 687
2157 2186
1187 1188
1039 1041
2094 2287
2135 2137
241 1680
939 978
2326 2384
1239 1406
1327 1339
817 886
1195 1196
960 966
396 402
523 524
317 1539
1200 1201
793 1774
2323 2384
939 1611
939 2021
236 255
223 278
917 918
663 1418
906 1376
699 2213
361 1920
1028 1412
734 766
1270 1372
1323 1326
609 758
1315 1334
416 1657
1461 1826
1028 1391
1223 1224
1648 1670
2254 2376
759 762
516 983
864 975
1539 1543
1063 1083
1807 1828
1064 1343
111 1803
106 2370
101 2318
1753 1757
1925 2314
621 849
145 2247
1406 1422
540 739
2220 2222
1641 1642
926 933
1248 1249
1249 1250
1250 1251
28 2146
1265 1366
722 724
89 94
773 777
345 829
1323 1380
344 1199
2216 2225
1615 1620
170 218
1069 1551
537 551
1730 1805
219 244
319 321
70 1593
1218 1635
335 338
335 2362
216 2362
628 1991
105 1266
2100 2101
105 696
1944 1948
1228 1464
1015 1122
1417 1431
1280 1336
1352 2352
1375 2248
134 136
377 1760
794 1804
457 1047
1140 1143
1170 1896
625 1342
2257 2261
625 754
674 734
2236 2279
619 621
2067 2296
102 2348
2288 2295
1180 1212
1760 1762
674 715
672 674
1697 1702
892 895
326 334
892 1850
702 996
257 1613
70 72
99 279
1215 1602
1795 1835
935 936
533 1865
316 317
976 2271
1000 2112
239 1650
1774 1778
2333 2338
1226 1230
2019 2095
1638 2100
416 418
1529 1715
233 1649
713 1317
379 1410
1972 2147
1751 1767
1739 2009
200 213
265 851
943 985
1182 1189
587 1877
953 1793
1832 1979
766 2270
306 1599
1350 1351
1350 1362
703 706
1800 1950
313 1292
113 1102
1536 1580
1354 1355
435 1651
1009 1011
325 326
1941 2133
679 1577
1362 1363
1126 1129
887 921
219 253
315 1455
2130 2198
367 1901
1409 1489
1254 1256
1174 1936
839 841
1073 1479
525 652
931 937
1358 1365
1363 1900
1171 1173
634 2292
249 1265
899 901
236 1603
1184 1222
470 839
527 757
1915 1923
1770 1775
471 2039
870 1144
485 925
850 857
1168 1490
1221 1464
1347 1349
1392 1393
1393 1394
116 542
407 1397
1648 1667
1395 1402
1396 2029
1270 1274
167 213
508 1804
1310 1313
1426 1427
1017 2248
564 1216
360 1023
1585 1586
1802 1868
1897 1902
1410 1452
1260 1272
392 1712
1415 1416
1416 1417
41 2048
1652 1708
531 534
1419 1896
1546 1547
1135 1149
1901 1904
164 1932
935 1839
1663 1666
1657 1732
471 473
374 1830
689 779
769 772
1377 1579
901 905
240 977
1345 1900
968 2249
582 598
1435 1436
2064 2141
23 1106
1221 1828
837 871
1441 1442
1442 1443
1236 1238
1443 1444
2124 2126
99 571
958 960
176 437
1799 1822
1522 1524
808 1036
599 1910
245 2166
612 1981
612 614
37 1026
665 730
548 1606
512 513
691 693
513 516
710 746
565 1571
1528 1744
2164 2342
299 811
83 449
88 191
1978 2147
912 921
1468 1469
1129 1131
1754 1790
59 1178
169 417
648 884
665 2034
2169 2171
1811 1822
1333 1894
217 222
1951 2324
916 1567
1482 1483
1484 1485
660 662
113 114
612 655
1533 1767
1072 1077
665 739
665 2387
1207 1872
731 1179
2315 2316
2014 2015
883 1918
29 1991
66 585
28 33
238 400
1503 1504
505 537
554 556
585 2155
1009 1192
41 225
1914 2025
80 2247
621 845
2108 2111
17 19
2032 2033
135 1919
55 177
791 810
1625 1708
1029 1041
791 1629
143 2357
1685 1689
430 432
1960 1961
805 1789
618 814
1405 1429
790 1179
2155 2295
432 973
1089 1091
2181 2215
1541 1542
2261 2267
2343 2350
1970 1971
1971 1973
447 1872
1276 1278
169 345
2082 2097
642 856
1437 2064
246 252
1559 1560
586 588
21 1106
2101 2104
332 2045
494 1109
725 972
605 649
286 288
332 1304
1823 1990
1568 1574
840 843
341 442
900 903
341 348
949 954
1084 2243
2064 2144
462 465
2080 2253
1572 1573
2057 2257
2359 2364
2365 2367
2367 2390
1965 2145
159 1732
930 1154
145 1312
930 931
2022 2023
2267 2269
2251 2256
413 1898
2309 2354
1590 1591
847 1148
1590 1947
2020 2030
141 2140
448 450
186 903
1390 1944
2194 2353
2249 2356
1411 1742
1256 1295
415 2161
1044 1578
532 1326
2145 2168
1776 1949
385 1130
619 849
81 84
102 104
619 814
2266 2289
1602 1726
1746 1805
1745 1751
499 1003
1400 2331
1980 1984
970 1378
1996 2227
343 511
2000 2010
877 1268
1258 1261
525 530
22 800
555 557
1519 2375
583 1870
544 603
443 445
22 707
821 1455
1533 1535
932 1213
548 554
1623 1626
1533 1801
349 356
78 90
1104 2018
44 1793
318 1553
1500 1503
1140 1151
1451 1467
455 543
1817 2084
367 1904
34 1460
262 412
101 987
1664 1665
1096 2074
1461 1464
1461 1670
385 2180
663 666
385 387
587 1876
352 1163
272 274
56 1265
85 2344
1807 1810
609 611
1634 1669
1678 1772
1678 1827
835 945
918 965
1016 1217
407 2094
1874 1876
765 1423
450 2059
2147 2153
368 370
1131 1139
1582 1632
933 951
1470 2046
1037 1042
1989 1990
1700 1704
1097 1246
168 188
932 2117
2086 2290
2337 2340
1799 1811
1565 2339
120 263
1762 1764
1023 2077
1714 1715
1799 2188
2069 2222
592 761
1401 1448
339 341
1000 1001
888 890
2273 2275
1625 2104
147 149
614 655
1488 1491
634 1011
1737 1738
290 293
756 777
1107 1924
448 1379
1137 1759
2166 2243
441 483
1479 2149
539 2221
1560 2296
27 1474
1127 1132
2126 2128
297 303
1132 1133
1044 1885
204 1840
590 593
1758 1759
1887 1888
1229 1620
1778 1781
1420 1477
1819 1836
97 307
729 796
561 565
2378 2386
425 680
1764 2052
360 1385
881 2195
1388 1571
148 880
823 833
1436 1440
1687 1701
700 1689
1057 1253
1773 1841
1864 1873
1288 1295
1792 2271
497 632
1176 1182
344 2127
300 2033
1622 2178
940 944
938 1615
723 781
494 2115
1614 2306
2278 2281
2214 2217
210 899
492 517
1031 1094
1154 1376
838 1736
1336 1338
1407 1409
1517 1617
66 287
76 345
48 2001
1722 2105
1580 1589
529 1323
665 1659
1166 1168
453 1854
786 810
121 124
2131 2143
2305 2307
972 997
627 1017
64 111
1674 1696
1224 1227
327 2177
988 2142
1850 2381
1097 1252
1188 2318
2193 2195
198 2071
925 927
377 1967
864 2336
1859 2148
407 2092
1247 1596
1199 2127
91 569
944 947
1274 1276
914 919
936 1839
1492 1745
64 2094
433 437
879 880
1887 2016
659 739
1263 1364
194 1190
1225 1257
2300 2314
1851 2252
129 428
215 220
893 1858
223 356
1377 1683
1857 1858
483 2010
25 489
448 822
277 280
2000 2002
748 2376
1419 1423
2294 2376
365 762
1352 2028
183 358
468 646
721 1160
185 359
689 723
1910 1926
472 803
529 1335
690 695
1234 1235
472 795
1885 2140
63 2291
590 606
1953 1992
24 583
1962 1987
1521 2233
1711 2008
751 752
1074 1075
953 1759
326 1161
159 1661
774 1903
1008 2021
1332 2139
1350 1596
604 1135
1273 1297
2229 2374
1749 1750
635 1146
754 1375
1612 1693
1779 1798
244 593
1060 1185
2352 2360
643 2157
1954 2383
1523 1934
325 1159
2019 2069
553 1852
109 115
1601 2338
165 219
1 2149
942 1137
2159 2279
157 158
7 780
374 1766
428 429
820 1611
338 2036
1083 1100
499 500
26 325
916 2107
501 526
238 239
2174 2175
1646 1655
1350 1588
2218 2376
256 2202
999 1000
670 679
220 1649
680 1750
310 311
181 443
587 689
436 1872
1332 1400
465 1262
1716 1736
95 1157
714 715
676 744
301 990
608 867
248 970
418 419
1302 1311
832 836
1403 1404
425 1495
810 1965
1121 1564
9 161
266 1819
229 1710
1095 1182
1230 1304
2184 2185
825 2185
766 768
1187 1192
1348 2174
898 1716
297 1609
677 1218
510 547
1972 2118
408 2094
897 2014
1830 1848
1460 1761
1027 1028
51 1952
1563 1565
1020 1808
1213 1811
2006 2297
2042 2049
2041 2058
575 576
1621 1625
332 333
2331 2332
477 483
163 654
481 482
1299 1302
331 332
682 1153
397 2265
2324 2380
975 1270
247 252
1267 2091
1272 1279
504 1573
62 1110
75 81
1413 1414
1430 2277
35 262
1619 1706
153 922
1289 1290
273 2310
1335 1337
345 733
1489 1949
1412 1862
875 1561
1810 1817
1484 1616
63 2107
2218 2254
1038 1043
73 180
1410 1949
305 797
431 1457
435 1457
597 598
2071 2089
254 300
260 300
1785 1796
410 411
149 2348
304 319
503 1653
1310 1650
1 324
1450 1481
1173 1525
1056 1059
904 1740
237 335
2235 2374
1593 1724
1057 1058
1272 2176
2284 2293
798 1757
613 2291
573 662
873 1456
1382 2100
527 1291
1928 1934
159 2330
1665 1667
1279 2176
1318 1752
333 1097
717 719
1644 1709
526 2197
1978 1979
1316 1320
1173 1936
644 645
1419 1420
558 559
369 2212
1099 2083
284 1965
1279 1561
990 1012
263 308
1094 1095
2017 2020
485 1117
1878 2319
990 991
696 877
1038 1754
571 1687
221 2232
2117 2132
1174 1175
366 599
328 2313
734 768
1991 1997
10 1032
190 1744
572 577
1598 1796
1609 1696
1219 1221
1242 1406
1202 1823
905 914
1730 2024
1717 1728
767 775
686 693
725 731
331 581
1610 1624
61 868
1449 1737
329 358
689 1876
705 740
1424 1673
1589 1615
875 877
374 377
417 782
393 1008
848 849
1431 1564
643 2121
1246 1252
1889 1891
2116 2123
322 773
429 1633
658 2156
1150 1542
2060 2070
29 371
12 15
626 2054
783 2319
1144 1150
667 669
1368 1370
1781 1782
2079 2082
26 1159
1208 1442
273 1420
865 1421
603 1597
574 1073
178 2110
32 573
1313 1314
1762 1835
915 917
1310 1314
1525 2081
236 242
451 1003
891 892
876 878
818 2111
93 293
251 728
29 60
605 1135
1110 1111
671 672
770 840
1080 1615
1169 1176
1047 2080
847 2162
882 885
642 2299
417 733
1686 1688
2369 2371
292 294
2003 2008
1310 1322
643 2191
527 540
34 1768
123 129
2128 2130
1343 1385
1259 2220
866 1520
1694 1772
982 1087
908 1864
148 885
710 738
890 891
1321 1329
578 1012
2039 2040
89 657
1244 1247
675 676
747 1216
1816 1830
1086 1089
82 84
828 2270
281 1447
1770 1771
1216 1233
313 1455
1257 1623
44 446
424 1951
2034 2073
2056 2057
2152 2154
184 189
2314 2356
1333 1895
659 673
803 806
162 796
739 1659
1437 1996
2169 2245
742 763
214 278
1032 1576
164 654
2036 2095
2328 2333
1502 1530
2076 2079
1222 1410
1142 1164
1275 1617
401 2259
1882 2385
1837 2074
988 1622
640 1954
220 2240
225 2048
1000 1946
1328 1329
859 1408
897 1680
179 1408
723 749
1679 2025
833 2185
494 1220
404 2259
1520 2068
1927 2024
1038 1425
351 1077
227 233
1494 1745
801 802
790 801
79 2228
496 1898
95 988
831 1055
726 1116
528 970
633 1046
592 597
1747 1748
154 1434
1246 2313
123 1844
1255 2064
1641 1646
255 256
781 783
1128 1589
1065 2154
400 1650
62 2331
1647 1650
1187 2123
121 874
222 224
1090 1120
554 2361
1047 2077
1507 2227
1029 1033
1876 1877
495 990
304 878
1841 1842
62 1111
295 554
634 1196
1002 1794
604 2345
114 115
1198 2181
978 2021
367 2336
559 562
1404 1407
334 336
1310 2241
783 1877
1874 1877
54 61
836 1305
1894 1895
1426 2230
748 855
300 302
259 261
1318 1755
540 659
1905 2249
2041 2085
1212 1312
610 1345
211 324
839 1101
1144 1151
154 2088
1016 1735
1095 1763
335 443
613 2287
141 1044
161 2265
672 738
14 39
532 1323
119 1185
590 1991
386 577
1247 1248
48 137
1585 2342
1194 1195
528 532
317 1161
1674 2015
556 1587
489 1070
1913 1915
672 701
315 479
1581 1583
237 2025
1141 1360
452 1949
442 694
2004 2007
1138 1453
217 1446
757 1291
959 1012
1711 2007
1428 1433
1558 1566
707 2143
687 2213
1007 1188
108 171
306 1875
420 1831
640 1608
1705 1743
1232 1630
1386 1387
1916 2132
986 1360
604 625
2044 2051
772 1474
1161 1521
246 2246
2003 2004
572 697
884 887
189 191
2283 2298
163 178
1542 1544
319 1487
2091 2184
1642 1643
1733 1737
775 798
678 744
503 2137
110 1103
2368 2369
749 1877
833 853
1304 2169
1237 1239
1086 1088
2002 2010
496 2010
267 1783
1658 1660
1256 1300
1021 1808
639 740
1069 2212
198 216
304 2001
289 337
984 2202
361 2390
697 2054
915 939
620 2094
394 1810
776 1454
661 2220
1857 1871
1119 1200
937 939
676 738
1095 1112
998 999
2090 2094
899 1557
202 2154
115 2313
969 1371
137 308
956 1384
457 2253
215 355
76 2210
1765 1887
904 1252
1570 2386
869 872
2085 2096
1328 2248
161 1974
418 1974
991 2138
623 2204
751 764
1775 1918
1372 1421
285 1617
2019 2036
1001 1008
1627 1634
435 1137
393 917
2071 2362
1466 1670
314 1553
209 223
1001 1005
2181 2211
276 1649
376 2182
221 2257
653 1694
365 1901
1714 1717
1082 1886
847 2165
2063 2065
1142 1455
827 850
72 1225
431 1637
148 150
1075 1862
328 1252
676 678
404 2205
389 1636
1330 1331
546 983
922 961
286 305
313 315
1843 1845
903 907
778 1338
1843 1844
1090 1111
2223 2224
1556 1557
769 788
816 2082
1471 1586
282 1817
1548 2218
2388 2389
293 1373
974 1130
473 2047
1245 1695
736 737
249 1368
1475 1478
10 12
630 634
151 2364
684 691
760 1564
584 622
1750 1752
1002 1385
1039 1587
1531 2156
1677 1682
1067 1589
1252 2313
1083 1205
1089 1985
1966 1968
912 916
1443 1453
388 392
193 195
132 1215
393 978
498 1332
641 856
550 2044
2207 2311
1483 1484
1534 2335
1427 1429
802 808
1831 1832
622 1906
540 698
865 1899
121 143
160 2330
1121 1415
1575 2164
1014 1017
1540 1569
732 871
354 1852
2089 2362
56 1785
800 1159
1478 1482
712 1023
1919 1931
1271 1911
434 1637
707 800
852 856
342 726
91 564
724 726
1428 1694
9 1856
1551 1685
454 458
983 1544
735 736
1958 1960
1388 1390
2212 2223
815 2223
1538 1541
797 2351
1393 1939
1075 1871
1142 1706
2317 2320
407 2099
425 1755
304 955
1054 1057
1005 2312
351 362
720 725
210 311
0 2
810 1629
824 966
1626 1629
429 431
796 844
682 2315
498 531
2109 2110
295 1583
1080 1536
857 2193
658 1548
791 1622
1507 1536
198 1813
650 681
1570 2390
2062 2085
302 1257
683 1223
473 2040
510 2221
613 2094
1429 1465
392 1746
2113 2290
894 1980
201 740
1147 1597
893 1855
523 2196
1993 2358
1027 1784
742 1296
280 1461
920 1512
38 570
6 1513
2028 2352
99 2048
487 1476
1569 1924
1536 1589
1703 1704
1300 2201
1282 1288
154 2125
651 668
750 756
473 2049
676 741
2281 2286
1261 1263
1042 1848
127 1912
973 1715
1237 2218
1654 1719
2017 2147
858 2193
1507 1951
1595 2080
2194 2377
1974 2114
1997 1999
1727 1867
2000 2016
1562 2378
2343 2378
486 2378
2175 2263
766 828
98 1687
618 1871
1855 1871
544 1947
1766 1967
1322 2241
830 850
462 822
1353 1853
842 2363
1640 1771
991 1614
1546 1728
1523 1526
1133 2162
352 2335
2254 2294
1773 1775
243 1281
104 286
791 1618
285 1618
319 2303
256 2131
1402 1486
76 347
31 445
1755 1847
112 1791
663 710
1782 1784
495 991
527 909
1198 1199
194 327
231 728
892 2165
1516 2001
2162 2165
1519 2165
57 1263
1372 1936
713 838
439 1784
649 1264
362 375
542 889
1628 1630
153 929
621 1352
651 706
600 1910
60 2007
683 1220
326 1084
1555 2341
88 103
1741 2021
554 2349
1479 2376
296 1899
1559 1561
1085 1796
2283 2323
708 771
2104 2105
1291 1337
1339 1377
409 1000
1321 1328
1804 1806
1287 1337
639 705
254 1160
749 783
551 721
1973 1980
80 112
875 2339
728 971
1444 1866
819 1952
425 2226
418 1975
2183 2184
167 168
2131 2184
70 1340
853 2184
424 1507
1315 1323
2188 2189
2151 2157
1184 1410
826 827
727 731
227 2240
2009 2013
189 1617
312 2182
1294 1308
199 474
464 474
14 678
718 2150
1612 1638
32 664
1128 1169
60 2008
955 956
1984 1987
72 260
52 1155
902 2106
215 303
833 2178
735 771
13 2389
144 2176
193 1744
109 1102
72 2210
593 1981
802 1179
203 1184
5 1995
404 406
43 45
187 190
1492 1494
1493 2360
1877 1878
1025 1026
1559 1930
1440 1549
0 1120
793 1820
1081 1120
912 2107
1206 1758
256 2143
510 560
1884 1887
669 2213
1138 1162
661 1672
1143 2282
197 740
140 2350
1269 2187
723 783
1331 1891
160 397
1301 1307
987 989
1018 1874
680 2226
108 172
623 2252
1498 1760
880 882
502 1878
1253 1303
1720 2101
591 619
842 845
2143 2183
1041 1860
1480 2165
1306 1308
1318 1845
6 192
293 2344
781 946
1391 1851
950 2147
688 2057
858 2178
212 216
1311 1315
115 327
610 1366
1128 1217
694 2222
716 1550
1370 2336
2335 2336
1369 1379
1348 2205
1153 1223
2275 2276
1032 2276
818 819
506 1505
886 888
2077 2080
982 1018
91 555
809 836
128 136
169 171
828 1036
667 710
2070 2296
653 1955
187 1547
973 1547
484 585
605 625
634 2300
1355 1900
528 1378
867 1865
1997 2012
1002 1390
1324 2332
1479 1787
1398 1434
146 340
614 692
1265 1904
817 824
1551 2073
1627 1693
1689 1772
444 456
268 309
1419 1861
872 1477
1092 1096
968 1304
1271 1912
989 1004
404 1040
333 581
872 878
683 1153
567 730
319 878
348 382
2139 2290
1002 1582
13 2350
17 2137
132 139
607 1863
419 1975
411 2072
1844 1847
1845 1847
243 245
281 1454
918 949
286 2351
1041 1863
604 754
728 1116
1067 1080
548 1147
975 1079
1774 1820
1075 1855
948 952
358 748
1076 1079
495 501
694 697
908 1540
824 960
758 845
1812 2380
2055 2075
1091 2012
1341 1792
1671 2277
507 981
1277 1619
1345 1363
257 1605
2171 2379
19 2135
174 1995
589 1349
433 1995
14 1259
880 1552
1039 1583
1432 1474
1277 1674
186 1052
189 1517
221 2056
484 1671
365 2336
1779 1785
1 2321
354 647
431 1918
760 1417
234 1417
31 1456
1071 2150
1655 1662
2055 2063
1780 1821
1264 2004
425 1631
769 780
402 1099
900 1050
638 2208
2290 2332
1560 2341
667 2213
1855 1857
371 2373
185 1048
1806 1852
2035 2161
578 736
700 705
1351 1588
1365 1378
5 729
1054 1066
1189 1209
1916 2189
365 1900
102 156
676 755
56 1368
1787 2355
623 1342
857 858
456 721
1724 2182
383 2262
6 1447
25 579
1898 1903
1873 1882
294 1405
1330 1891
366 596
177 2174
753 768
1086 2088
234 452
804 807
2156 2358
484 912
1571 1587
1492 1829
922 929
823 2178
749 779
2153 2158
1047 2253
230 2319
1957 2158
1647 2241
978 1010
1237 1465
2272 2356
398 790
1921 1949
582 706
310 1280
302 1965
1009 1211
1296 1301
60 2003
30 67
1996 2064
638 2282
104 1929
292 1406
179 680
826 850
1397 2099
457 916
659 2130
798 1969
1626 1965
595 1534
1420 1896
959 2154
161 2109
895 2179
548 1878
794 1332
79 2179
1694 1700
173 885
71 1958
1762 1766
396 1134
743 1728
712 2078
2277 2284
1680 2014
2244 2246
930 1707
1203 1210
1422 1993
396 2083
0 1110
1490 1492
76 85
1733 1739
430 1529
1399 1400
2204 2252
502 2315
50 927
261 792
1610 1616
1526 1554
602 1947
1298 1299
1395 1403
921 2107
976 1814
2102 2116
155 913
35 819
1045 2202
908 2385
571 1666
851 1284
761 1903
1003 1653
611 621
687 699
95 2178
1789 2129
1343 1792
492 1287
1006 1831
2166 2246
1165 1934
582 644
818 2072
1892 1893
1017 1020
2139 2332
689 946
2320 2323
566 2264
1691 1692
1502 2133
1251 1258
2055 2344
142 191
1842 1890
1304 1925
955 2011
1058 1061
281 2294
510 519
1856 2268
838 1716
1341 1794
1136 1138
963 965
1711 2074
1578 1606
1327 1579
1288 1735
429 1775
435 1637
322 777
597 774
506 774
1468 1630
642 777
170 253
2092 2099
1690 1828
1438 1499
669 701
1033 1587
1535 1538
1324 1400
1938 1959
990 1065
1284 1286
281 2254
95 1275
354 553
1620 1675
110 133
176 2110
1075 1860
87 92
619 709
823 825
726 1510
60 1999
110 116
430 1528
365 602
1284 1325
573 1073
1273 2106
831 1064
2169 2379
236 2202
834 2205
1207 1210
1031 1037
1115 2202
688 697
357 590
1031 1105
586 2099
731 1036
479 1619
1922 2109
825 858
1995 2109
9 2109
798 1676
307 1185
1157 1275
1641 1651
956 1387
310 1174
1012 1065
1298 1337
2280 2291
39 744
1974 2265
1620 1716
566 570
968 1925
2091 2187
285 2142
598 645
149 2351
503 504
1356 1358
74 1724
722 1790
420 2201
1642 1795
1764 1795
1463 1465
1157 1353
988 1618
593 2087
521 1291
370 1639
1650 2241
598 668
1275 2178
1649 2240
14 1672
766 770
315 1287
2238 2372
951 1856
2214 2288
2090 2092
518 1108
8 504
187 1528
1350 1600
1053 2170
820 906
1917 2109
1068 1069
1540 2011
40 794
1395 1407
756 1908
461 2371
358 2294
950 1145
311 1076
23 583
162 926
104 1561
1894 1961
1621 1652
605 624
679 1177
1071 2152
941 943
665 685
805 807
136 226
72 73
142 1623
811 2312
76 1809
263 307
674 741
1609 2014
687 2278
1463 2230
414 1587
225 1340
491 1462
1346 2206
711 1983
976 1200
214 1920
975 1368
1611 2021
287 404
1608 1638
1143 2208
235 1393
54 59
602 759
1769 2010
561 2349
1074 1865
1202 1759
295 2361
131 250
197 201
1511 2023
1770 1841
260 2210
1793 1795
1133 1521
1149 2045
1986 2087
494 1768
144 1279
1893 1898
1445 1459
751 770
328 358
319 2310
747 1234
480 482
342 846
2314 2322
937 1707
631 2203
94 870
477 1892
289 911
1122 1727
159 951
1015 1112
1654 1722
1167 1223
70 74
144 156
282 1461
1802 1829
1618 2142
357 606
1872 1880
1643 1764
4 8
720 972
1254 1295
1638 1749
1996 2289
593 637
343 499
588 2051
993 1004
2055 2339
182 1070
620 2287
342 971
2211 2219
1055 2172
708 730
1113 1158
410 816
991 998
1422 1548
733 787
941 963
482 488
580 1012
1895 2329
579 2146
667 672
406 2205
1480 1519
821 2014
429 1770
