7283
3
3752 270 6512
10000
4697 4854
0 1
4118 4124
734 7121
1331 5587
2419 3690
1837 6980
6439 6441
3637 5223
1340 1525
2849 6598
5848 5855
3957 4710
1678 2747
8 512
8 513
6789 6902
4048 4197
11 12
4684 4829
2053 2058
1574 6559
222 4640
5325 5694
4506 4510
563 5165
2967 2969
3993 4046
138 1039
4915 5204
2545 5383
5327 5328
992 7098
5327 5333
6889 6893
303 5495
3430 4372
771 1719
1520 7236
2197 4473
1148 2692
2266 7150
4378 4471
1890 4946
729 4177
2697 2742
1096 7071
445 4806
1582 4692
4588 4589
3099 3110
29 32
1550 1567
4336 4360
2063 2066
4814 4816
4588 4612
4141 4154
4589 4593
3742 3770
6460 6470
3414 4570
195 250
6199 7170
7098 7104
2283 5020
278 285
4421 4487
2110 2112
39 5727
409 1576
112 237
7221 7223
103 105
4620 5368
6714 6720
4037 5751
2930 5199
616 880
4250 6719
5902 5909
1916 3131
1785 1791
1046 5121
1616 6387
571 3541
1300 1303
792 4765
2669 2701
1939 6069
1497 6020
51 52
3421 4231
173 2085
369 3591
6629 6689
5608 5676
55 56
4599 4603
5342 5343
672 673
1109 6554
4413 4420
163 3622
1498 1500
1211 4580
1815 4122
3285 3295
797 1002
3360 4376
5532 5533
2999 3000
1225 2639
5533 5535
2474 5736
5535 5540
346 1406
5540 5541
268 678
1607 1832
5541 5555
6552 6560
6201 6226
1707 1711
5349 5386
5349 5703
2169 7067
4603 4604
3405 3694
7 3950
4352 4358
6332 6373
3145 3188
5264 5274
3743 4133
2954 2956
2802 3686
4099 4114
369 2758
5549 5552
4682 4687
1419 1931
5552 5553
3212 4391
4010 4012
88 89
88 3869
4604 4606
3622 3626
4233 4245
1768 5051
274 358
310 6918
2805 2808
1065 4247
5353 5354
421 2789
3313 4761
5353 5366
5553 5555
5557 5558
892 912
3800 5238
7227 7242
2254 5673
1957 1961
2230 4336
99 112
671 6130
5482 6367
4438 4497
100 114
664 1029
2187 2552
984 986
1563 1565
5558 5559
2353 2387
1633 1636
106 107
5163 5187
1271 1614
107 108
880 4736
107 3802
3857 5160
108 3799
2742 5255
1472 6960
336 3394
3531 6630
6625 6633
254 798
1849 3213
3748 3752
114 115
1099 5691
115 116
3353 3368
2465 2472
7 5934
116 3788
1784 5128
205 295
118 3784
3866 4933
4980 4988
5533 5558
1538 1564
1047 2064
3538 4228
521 556
1088 1490
2819 2823
4202 4375
1302 1899
2645 5399
2396 4908
957 970
6314 6319
5576 5577
127 129
2969 3071
129 130
3 1468
6467 6503
4676 4693
5884 6190
1975 2013
132 133
132 3882
133 134
3417 4494
134 135
4863 4918
5497 7272
109 322
2107 3194
1381 2584
5097 5101
1712 5996
180 6340
139 140
139 3869
19 2441
6562 7271
1230 1233
5611 5878
4808 4810
6406 6857
5375 5376
1240 1242
162 3748
5308 7069
745 1797
3170 3327
2338 6933
5607 5638
1849 3270
1363 2811
1035 2293
5386 5391
2283 2285
1441 1446
2953 3249
964 6553
495 4806
810 913
4616 4637
3275 4802
4279 6913
3137 3530
6673 6731
2435 6210
1834 6242
4832 4921
3983 4004
4336 4355
732 2012
1411 2154
3216 3250
525 2476
5781 5890
594 1422
3839 3862
1826 2418
622 3288
4150 5016
4562 6693
6831 6861
4312 7187
6242 6413
1246 3344
1320 1333
5128 5785
652 660
3634 3636
5873 5877
5386 5453
1112 1792
5877 5878
1340 1452
2221 6243
625 641
3083 3105
6558 7276
6224 6248
1057 6678
439 672
3864 6345
3716 3721
4420 4445
3147 7220
1018 1020
699 5210
2074 2084
1265 2783
4037 5734
5392 5396
1287 1295
2655 2987
1308 2640
4437 6850
6982 6984
3896 5810
6342 6374
3640 3749
1932 1935
1448 1449
4084 4108
5379 5707
4739 7156
1494 5142
1122 1974
842 5149
3412 3443
4746 5242
5620 5657
1176 4337
3760 7185
188 6420
7028 7269
5397 6359
4071 6829
979 2555
4913 4917
711 1156
2941 6420
5401 5402
1185 3754
1741 4532
377 6126
674 1127
4361 4362
4315 4701
4228 4274
924 2728
5256 5336
3733 3880
1176 4341
239 240
239 4005
28 2826
597 2289
2269 6582
3222 3411
6873 7022
1068 1400
245 5418
2258 2297
1298 1503
248 249
4108 5974
458 689
808 809
2188 5886
4625 6509
868 4772
251 1604
2615 3720
74 5321
5407 5429
325 7081
6702 7099
95 7065
1215 5986
1467 1470
612 3017
1253 3344
5899 5939
1449 1466
2180 4440
7106 7123
5171 5485
817 7246
3169 5563
2195 2505
1782 4250
3169 5234
2786 6926
1654 4254
1834 3002
2447 2947
879 5622
3752 5762
4517 4528
2251 4360
1370 5696
5375 6589
1411 3382
2739 5754
2156 3744
2223 3801
1083 2589
1353 2864
1655 4483
308 796
278 284
284 285
4013 4014
4354 4392
1655 2754
5690 5691
855 5976
6603 6605
4040 6545
5514 6301
896 3493
1692 2509
2014 4403
1655 4478
2679 5087
5820 5825
1398 1409
3931 7188
949 5825
1802 2495
718 3297
1843 6272
4790 5220
506 5580
1529 1806
1697 4718
5422 5433
4393 5574
567 1056
6433 6581
537 540
1186 5661
4240 7070
4669 4693
5951 6686
4593 5525
6618 6624
1610 5425
4506 4509
2557 4005
2440 6210
312 313
311 1654
2268 2300
1430 1436
1526 6392
982 5760
6699 6796
821 6171
457 5573
329 1438
4779 6541
3853 3861
5421 5431
4489 4515
5612 5647
3559 3579
1582 1758
6890 7043
6401 6420
4477 5765
1591 3549
1008 2036
5618 6234
1005 6457
4148 5837
3958 3969
5244 5406
7081 7084
482 5924
540 575
293 1654
1571 3317
5729 5744
211 229
2724 3567
6479 6558
4606 5525
324 331
1227 2642
1233 2200
3088 3095
5618 5620
6097 6099
2459 3388
4430 4632
3349 4355
3258 7080
3753 6759
3368 3414
5472 5506
1037 2428
1900 7116
1671 1684
2719 2918
6653 6792
346 5045
1214 1528
5233 5943
2187 6668
3611 3613
5397 5437
1015 2620
352 353
4486 4798
122 126
1782 5876
4870 4994
4363 4366
465 4378
481 614
5615 6140
2018 2021
1348 1496
1465 3000
1638 6618
4124 4128
1846 3203
111 6615
5328 5330
2981 6146
453 464
900 2539
1283 2630
3521 3584
3976 4120
515 520
289 6358
32 36
806 808
3384 5952
5280 5284
6496 6498
5843 5874
16 428
2039 2413
3264 4999
441 453
6517 6520
1186 1659
6253 7282
4064 4507
374 375
374 379
5244 5563
1638 3751
2836 2839
216 6001
1613 3522
3682 5758
4149 4157
5451 5452
3595 3598
4621 5361
5452 5453
480 7200
1619 4103
1958 1960
1372 1378
383 6047
375 383
4960 4961
1282 2748
2976 2980
616 4736
3797 4063
1031 1903
3169 3215
1242 6667
1744 1929
6229 6869
5636 5637
2706 2709
4317 4497
397 398
79 536
397 1187
6058 6070
4481 4483
3065 6582
864 5780
6281 6391
1800 1860
5502 5504
3061 3063
1588 4810
404 1702
4816 5586
5998 6375
745 7166
4707 4891
5987 7102
1735 3870
3559 3629
2812 3084
2932 4093
3594 6286
3849 5633
2563 4809
3568 4102
5214 6203
3081 3810
2272 6729
1473 6824
1041 1257
1819 2017
1244 5459
4767 4791
1124 5619
3777 4619
1715 1855
4534 5922
203 5926
2503 2537
6747 6871
6498 6499
258 6283
3620 3634
6795 6812
2469 4665
876 1491
587 4924
911 1597
2785 6149
4511 4535
3435 3445
6212 6216
1043 1046
2750 2762
4268 4303
3892 6813
5462 5465
2435 2440
879 6219
1108 1109
141 3212
5838 6557
1039 1861
6981 7093
2676 2926
1275 1382
6079 6274
3624 3677
1882 1886
5132 6325
3192 3845
2641 2645
4574 4792
4370 6757
5504 6570
797 4457
1077 1337
4240 4241
2402 3485
47 2366
2059 4805
2494 2528
5510 7249
2268 2308
814 3847
3638 5157
1122 3072
3004 3014
5827 5830
3494 3515
2272 5680
2406 4092
2707 6854
2614 4349
5154 5164
7072 7073
1057 1247
3607 3787
2583 2616
268 705
982 7062
3717 3722
3900 4117
4078 7228
466 467
466 541
467 468
467 541
230 1368
1954 2077
400 6036
415 452
5833 5837
1175 7225
7106 7154
471 510
6603 6958
5837 5839
3815 4746
5919 5981
2608 4242
688 814
1554 6932
2084 2089
860 1172
55 2833
384 3865
6485 6538
108 3805
2034 2039
4138 5613
7276 7280
479 7021
483 494
1236 5085
3637 3974
1765 1769
5127 6308
3932 3938
4205 6762
1915 1924
798 803
6104 6154
353 407
1191 6664
493 494
955 6989
1446 3622
4901 4903
1922 4289
4318 4333
2744 5752
5586 6921
499 601
3959 3997
4199 5915
1138 1318
2405 2773
4261 4527
2537 2538
1100 1118
428 5810
3964 3980
1811 1813
5008 5025
6798 6811
7103 7271
188 207
511 512
511 544
2538 2540
512 1495
4638 4639
926 2728
2761 3222
515 568
515 569
3953 3999
3675 5401
2157 3460
4145 4182
200 6671
520 5732
6695 6751
3536 5147
816 6354
816 6213
524 535
4520 4572
68 3716
4948 7039
4247 7218
3220 3562
2060 6232
5855 5885
532 533
532 569
5513 5515
391 395
4424 4500
4797 4799
1461 6511
535 803
5493 7272
87 2309
226 2471
924 926
1045 1098
3118 6108
2439 5103
409 4226
181 4367
2018 2132
3589 5839
1349 1765
6594 6960
3160 4987
179 6314
681 692
3368 4570
2377 5861
3490 6814
2452 5798
3974 4271
3443 3446
3184 3200
4009 5199
4825 4827
6500 6725
6 553
5794 5905
301 4698
2221 5302
4491 7115
1465 3617
2452 2505
3736 3888
3708 6504
3639 4113
4826 4827
6440 6793
2606 4513
2700 4173
4435 6561
3456 4790
384 3861
148 2920
879 6210
4528 6907
6341 6549
3271 3273
3370 3604
3777 4815
569 572
20 1049
570 576
570 577
171 3996
6155 6159
4841 4984
1404 2350
573 579
919 3971
42 5470
6909 6911
576 578
1004 1025
2104 2113
578 579
1742 6168
579 581
813 1913
2524 3751
370 394
1227 1568
1874 5321
3178 3408
3626 6938
1543 6077
215 5550
4155 4500
1231 4062
6072 6088
1709 1745
1649 3474
4495 4559
6827 7250
2096 2121
901 5723
1512 2548
882 1674
546 584
6113 6282
2342 3006
636 5523
6036 6043
601 6774
602 603
5701 5711
1488 1520
886 1332
2585 6021
5597 6975
5509 5510
159 3844
2093 2220
6355 6365
706 2666
4466 5868
1642 4810
1731 1740
3367 6174
4781 4784
3211 4858
5963 5964
748 5902
3599 5331
5968 5969
6009 6564
857 5776
3298 3302
7120 7124
703 1198
2043 2045
7139 7182
4303 6811
2583 7103
4065 4066
4715 4789
3854 4355
5512 6226
948 3555
6104 6114
6624 6627
3952 4073
1476 2371
1774 6870
3772 3809
5407 5433
6176 6209
1016 5988
3108 3266
164 187
2687 3949
4087 4088
639 640
1419 6506
1341 2817
1940 1965
3 1866
2987 4283
4471 4483
355 1077
4859 4863
4046 4249
5293 5295
6002 6003
6002 6008
1541 6075
25 34
2858 7075
2124 4216
6468 6604
6482 6504
2991 4301
4079 4190
966 976
872 1496
207 6420
6460 6486
1541 6072
1519 4335
1335 4018
3454 4768
4181 5613
127 465
4722 4754
2121 3304
2886 2903
3231 3239
805 5045
3650 5007
662 663
662 6834
662 6892
5690 7046
3545 3560
5893 6470
1970 1992
1597 4105
3525 3845
2702 2712
4947 5027
57 6932
897 6911
4817 4824
140 5235
463 4985
2503 5250
2950 2957
6898 7253
1576 1589
3266 3293
251 5073
5775 5865
6870 6874
47 5712
1452 1599
6975 6980
3629 3804
1163 1167
4854 4875
3983 4075
2328 7235
1501 2840
1608 4206
4176 4265
1004 1011
831 3463
2530 4647
4114 4194
7254 7276
317 423
6065 6137
1305 3157
6408 6971
836 3651
3640 3757
2677 5169
3434 3437
921 4323
150 1277
3957 6432
1069 2038
6508 6515
3275 3725
1652 1656
489 1374
7 3960
3919 3944
6167 6181
1986 2020
479 2595
5951 5970
4032 4847
429 433
884 3078
3647 4597
2358 2995
1172 1918
1683 4704
5168 5477
2794 2797
689 3592
708 3526
3268 3270
3369 3623
5799 6012
792 815
713 714
4583 4712
940 1337
714 715
2516 6438
738 6036
1122 1976
1235 4401
943 1356
3775 3904
5719 5721
718 719
698 801
6506 7258
104 121
162 1133
125 983
5274 5705
1111 5207
3640 3654
1085 3043
1658 1661
2327 2333
5207 6444
4542 4543
1268 2783
2735 2768
965 966
2210 7191
311 489
3169 6123
2558 5886
4893 4894
3715 7218
307 316
4163 5419
311 1037
1882 5965
4894 4895
1656 1778
6893 6898
378 4979
937 5677
2685 7053
5615 5623
6452 6560
3996 4006
6374 6458
250 294
6697 7035
3660 4570
36 39
130 132
1366 5700
2569 6030
783 836
6373 6408
3701 3791
430 1315
1547 6099
1528 1564
291 7119
297 2282
337 343
812 5279
5045 5359
5368 5393
5168 5234
393 485
1432 3884
4471 4476
315 2760
3303 4368
1746 1958
369 374
644 6543
654 3630
1441 3622
937 2840
717 2018
2759 4222
771 772
1709 1754
6237 6240
6250 6317
84 463
3373 3375
247 2837
490 1911
3209 4533
1248 1596
5355 5361
1502 1506
5688 5739
1502 6231
4871 5534
429 885
711 1044
5324 5340
4088 4095
3732 5177
5455 5485
141 4378
6110 6160
784 785
795 4536
928 1750
141 2850
535 784
6187 6537
6624 7026
794 802
1699 1706
7261 7278
441 6533
1007 1022
50 4473
322 498
4006 6456
1701 5152
815 1596
2549 3113
958 5222
525 818
3154 3159
1480 1497
4928 4929
1532 1536
137 534
1691 4658
5771 5781
6336 6339
379 2758
7208 7211
2076 5208
3054 3076
2731 6026
5325 5327
556 2082
2693 2717
2066 2113
1733 2769
5301 6833
1179 1949
1635 3639
6521 6673
584 893
6899 6991
5178 5738
230 4921
6478 6993
4786 5494
1657 1833
830 831
3482 3807
2063 2101
3930 3959
1867 1876
279 4042
2097 6280
2330 5423
1173 1194
5456 5459
2909 2914
5015 5019
2547 4851
1469 1471
1950 1978
4830 4881
8 11
1471 1474
5885 6006
988 6077
2330 2488
4549 7016
1819 2091
4441 5223
5659 6080
1003 4086
5463 5492
6 3554
6805 6809
323 402
1139 1170
3098 3110
3414 4969
223 756
2037 2040
2089 2092
855 2578
2827 2830
1883 3120
541 543
1888 3440
1362 4848
3042 5788
4346 6137
1275 1344
2241 2245
1390 1395
1709 2430
1287 3353
432 2576
2627 2954
3207 3255
2691 5308
867 868
1936 6994
868 1134
1881 6247
1395 3552
6204 6205
4853 7218
277 1638
3542 3549
1226 1434
5079 6605
5053 5121
4551 4927
616 5411
669 716
4822 4834
1725 1729
2050 6666
3803 3895
4044 4738
1511 1514
7090 7100
663 666
2702 3354
1582 3302
3052 6203
7001 7014
1346 1347
4432 4991
2439 2441
6763 7008
6934 6937
2456 4095
64 2260
2735 5728
6679 6685
1200 1606
2337 2811
528 532
888 1725
137 1836
1872 1906
3567 4498
6882 6889
35 6660
3540 3543
1287 3344
894 895
4162 4209
4532 4709
107 3829
2150 7074
5278 5283
506 5746
6503 6514
483 488
1118 1173
2173 2199
1909 5597
900 901
1206 4993
6949 6974
851 1976
29 5800
5734 5751
2655 2909
1323 1512
2764 3703
6360 6362
4899 5539
2041 2043
2921 5320
1890 4296
4096 7154
2210 2212
3375 3936
1562 3217
2929 3084
3375 3907
6701 6706
6535 6586
910 2185
2578 2885
4355 4357
6949 6997
584 665
717 2141
6797 6801
5424 5492
631 644
3938 5207
4973 4981
1362 6661
3633 3894
1313 6824
2421 2652
2444 6611
918 919
918 3971
3164 5651
1602 5486
1116 2187
1835 2898
1554 5731
6535 6539
6817 6822
6937 6939
1320 2607
5019 5043
3517 3524
5236 5237
4119 7203
710 2555
3913 4249
3261 3265
758 1618
987 5357
3170 3663
2964 5198
1474 1503
2629 2802
4042 7136
1375 6358
480 482
928 933
676 696
818 819
2600 6363
2786 2796
1823 7170
5802 6179
1809 3039
767 769
4223 4329
212 4705
17 3965
382 2404
938 1036
939 940
2752 2890
530 643
1562 4910
4049 4560
6377 6381
1537 6886
794 5180
2691 4630
1473 1478
4979 5083
2704 2710
1526 3221
2798 4685
5612 5678
947 948
604 6863
419 476
4484 4526
1902 4751
949 5819
3690 3692
4224 4387
6212 6237
951 952
951 5812
3812 3934
3160 4986
835 1267
6474 6477
4226 6736
1456 5247
2499 2938
4132 4592
1363 1367
4849 6554
473 483
4317 4594
3458 6944
1886 3436
3223 3561
17 4627
3438 4384
2449 2505
125 138
911 1374
1402 1419
5038 6953
3387 3941
4737 5576
2796 7252
6366 6828
1063 1087
64 102
2737 5076
5527 6652
904 970
1268 7095
44 47
1304 1307
987 6793
2059 2313
1679 5233
240 242
7177 7179
1310 7069
2596 4973
563 2289
2835 4867
6461 6466
2215 3604
6393 6398
4150 4159
5656 5872
3045 3059
5916 5942
1990 2005
917 934
3776 3779
384 6345
508 517
1795 1934
4127 4129
986 6828
1779 3142
6128 6169
6801 6805
963 987
5462 7230
1393 3627
2093 2757
3447 3450
5114 5117
954 2374
1413 1455
2227 6005
5546 6707
2919 3987
584 1031
1664 1667
4313 4660
798 802
2215 5782
657 2580
35 3660
5976 5987
1470 6308
3435 5687
5464 7282
1111 3945
3822 3827
964 4048
828 1047
1598 1674
2888 5780
3966 6957
2188 2360
6325 6326
1581 6272
1226 1530
2687 4639
4560 4566
1014 4753
144 3571
454 519
6719 6726
3562 3598
1893 1896
753 7105
1020 1021
1441 2246
4202 4467
6416 6529
303 7230
621 624
1529 3884
1023 4657
5028 5030
5655 5656
2669 2710
4641 6509
3694 3725
1028 2803
7110 7112
1032 1512
4352 4356
5824 6012
1932 5022
3750 4530
1984 4800
1703 4137
6200 6270
907 938
6800 6825
1431 3602
842 845
4295 4319
3458 3468
1599 4028
43 82
2774 2797
2788 3090
2307 4849
2605 5872
6199 7266
1068 5257
3032 4309
3168 3185
2092 4690
1697 1703
501 630
2873 2952
3034 3037
6468 7042
5536 6662
2359 2365
909 4728
3346 3362
2760 2789
1605 2790
192 221
1051 1052
653 655
976 2374
314 982
2107 2269
215 5538
830 3643
4475 4613
1054 1055
766 5634
2058 2764
1055 1123
272 283
2433 3149
3460 3467
3357 3642
5027 6350
927 5012
3946 3991
5392 6359
1214 1215
901 3021
1146 1155
1108 4644
762 7263
1142 1325
1501 1659
2475 2554
1482 1501
1432 3885
2054 2147
970 988
1554 5786
475 815
1187 4264
418 442
1072 1080
1072 1079
3540 5870
6688 6705
230 4832
4045 4055
2050 5485
4186 4375
2151 2153
4835 6258
2333 3507
5459 5483
1238 2254
1931 1952
1073 1080
2905 5241
2903 2912
1087 2786
2278 2330
1952 2588
652 3503
1978 5844
673 931
823 846
29 2833
6381 6382
1092 1093
2608 2611
3229 3241
2784 2790
2107 3330
2319 6639
2813 2856
1629 3635
2161 2443
489 2971
6206 6238
807 6382
201 4778
1437 3814
362 368
697 5210
5128 5209
3512 3539
1514 4407
6597 6601
280 303
2295 5997
1591 6621
5005 5077
2864 3871
223 1354
1448 5912
4390 5324
1042 4712
251 5202
1467 6308
1168 1178
5465 5471
2554 3377
3798 4404
5600 5663
1213 3330
6534 6542
1796 3354
2854 6939
5566 5710
1258 1298
3438 4910
1270 1967
1006 4981
3917 5688
2474 2476
5497 5510
406 3407
564 573
1413 6193
1111 1124
6546 6552
2005 6998
76 3442
1366 2872
1134 3315
3918 3932
4980 5041
3223 3497
954 960
3219 3528
2612 6298
1655 3567
3448 3488
3298 4958
1665 1666
5171 6651
4881 5481
3 4148
419 3814
39 41
6433 6435
171 3990
2171 6756
6164 6424
4241 4267
5216 5415
3960 7065
1259 1291
6435 6439
3170 3233
5532 5699
4662 4665
626 3826
1639 6443
3497 3506
4103 7224
6052 6062
38 376
1149 1150
47 49
1490 1780
4915 5457
6439 6448
4178 5850
5994 6406
3633 3936
7173 7203
5925 5986
1172 1914
1960 1983
3350 6815
3196 3203
1712 1716
1152 1158
6547 6550
536 538
4435 6550
1607 4563
552 2950
6573 6590
736 5554
4934 6958
1160 4678
5859 6500
6865 6945
1162 1163
1162 4703
2735 4636
1163 4682
1231 5438
42 7260
2841 2849
344 2643
3669 3672
4200 4331
2340 6043
4745 5862
4396 4430
130 1229
973 1004
3833 4135
6246 6477
6024 6046
5076 6488
1487 4004
20 6304
926 2741
2461 5736
4135 4297
883 3628
879 4109
1327 6127
1279 2378
2182 2191
1349 4704
2647 6860
2212 2334
172 939
1245 2254
4512 4518
3967 5081
4956 5468
762 7264
1562 1744
5195 5201
1043 2116
2150 6740
5379 5392
417 4893
3009 3012
3255 3309
1585 2054
353 567
2115 6858
1878 3440
2063 7027
2260 2350
3925 3970
3338 3346
1206 1207
227 1368
2051 3402
4127 4450
1444 5884
6379 6384
5734 5736
2250 2573
5086 5087
2803 3022
2949 3234
1581 1843
4454 4466
1528 1543
1210 1243
3254 3356
4811 5077
745 5876
4930 4949
3648 3659
1417 1421
5078 5080
689 3672
2606 5196
2728 2741
6248 6249
3455 4870
6076 6727
1528 1538
2959 5326
594 2289
2894 7160
3386 6400
233 437
915 3971
5371 5410
5039 5049
2668 4608
6430 6616
1358 2337
267 274
2473 2559
2990 6068
6569 6645
734 7175
754 1240
959 4951
765 1584
350 693
308 549
2198 2205
830 1291
582 743
329 336
2100 5893
2997 2999
5322 5409
3978 4102
492 1406
2175 2181
1715 1717
906 2354
842 5146
3076 3079
6254 6354
3359 6469
6533 6534
6533 6557
4012 4022
680 3355
2190 3635
5975 6063
2645 2780
6630 6634
5248 5262
493 544
2292 6983
173 2273
293 1104
1412 1414
5719 6909
5642 6021
6520 6523
5211 5221
1820 7127
2244 2248
444 484
505 510
5794 5973
213 6001
2810 2813
4611 4615
3890 4286
4543 7114
5189 6626
75 821
5721 5722
2068 2824
430 2870
2655 2657
5722 5723
4305 4319
1732 1767
4650 7077
3304 4129
1278 1279
2600 3851
1686 6912
1279 1280
7161 7243
1245 4802
6252 6255
6820 7279
2715 2717
2237 2308
4027 5924
2323 2331
7104 7107
2814 7161
2443 2493
1098 1321
6574 6575
4144 4907
5361 5364
1943 5321
702 6761
6771 6788
2053 5177
552 7126
1032 5403
3589 3592
2411 2419
3012 3019
5479 5491
93 103
4269 5735
6991 6996
1813 2036
4804 4808
4578 4646
1551 1744
1712 2814
2733 3243
3643 4807
4948 6783
522 648
5696 5700
3116 5675
2961 2973
1118 2725
2552 2555
1508 1514
3044 5214
3241 3530
3021 4685
3838 5135
5572 6576
4954 4974
22 83
4819 7108
1304 6724
340 5544
5811 6703
945 4421
4083 5186
1067 5760
2370 2462
1310 1311
86 4480
1311 1312
1220 1537
1803 1825
622 827
2058 3398
669 1093
1103 3150
2759 4536
548 3065
4337 4340
2440 6227
2301 5872
6821 6848
2090 4149
101 2374
2641 6491
5465 5508
462 2090
674 1862
1279 2644
5257 5468
514 6041
287 3336
270 2204
4040 6561
1299 5789
1326 1327
939 1349
162 4508
1326 6900
946 953
393 3139
2520 4505
4902 4904
1241 2357
850 1428
494 499
1331 1332
4769 4772
3160 5845
6216 6463
3142 6684
2778 2780
1156 1192
1358 1363
1337 1338
682 728
1018 4753
737 755
5514 5526
903 5859
5075 6626
4040 6559
5147 5149
1311 4636
1551 1563
2480 2483
3282 3284
1342 6029
2856 2945
909 3393
3000 3004
2517 2972
2947 4514
839 3494
501 505
4558 4575
578 585
5808 5824
545 5868
5752 5758
3953 3998
3569 4223
1351 4618
2136 6483
4196 5845
4004 4989
3462 3465
839 3578
3909 3988
5815 6121
4189 4375
4621 4630
2949 3334
4848 6648
3540 5877
3553 5436
1439 3247
4713 4720
2972 2975
5062 5064
4543 4553
1044 1074
3032 4310
533 577
973 1011
2804 3204
2436 2453
3019 4338
2742 3504
811 812
1621 4338
5421 6575
16 4757
3117 3123
2219 4917
1882 5998
5476 7260
1726 1756
2459 5464
831 1259
6452 6567
4281 4288
707 818
4365 4706
913 915
446 6405
2956 2965
6887 6891
3892 5395
6246 6481
2356 2359
3450 3795
4618 5849
1487 3693
706 1097
638 6170
3587 3593
5750 5751
3594 3597
3570 3579
4791 6350
3370 3608
1565 1569
1347 2318
715 820
592 628
2274 5488
2383 2401
7050 7117
2828 6942
949 951
6650 6654
2612 2615
4805 4808
5579 5588
6259 6267
1270 6924
2648 6427
3103 6387
2952 3181
1624 2232
3644 3657
1821 6724
1875 1877
1664 3241
966 987
783 3651
218 3197
4336 4357
3289 4289
2648 2650
3666 3669
921 4586
1635 4113
1406 1407
59 2381
3294 3586
1223 5748
1630 1660
3789 3797
4331 4362
2098 7258
5915 5936
1145 1168
4412 4502
412 439
2223 7236
6939 6942
786 3985
6567 6702
3367 5464
721 727
6381 6389
2218 3840
1068 7254
2111 2119
378 5930
194 5418
3079 4107
269 2725
3204 3520
2998 3063
491 1429
6789 6794
4111 4136
704 4523
5563 5647
4041 4048
1695 5762
1781 1793
4157 6394
761 5468
2185 7273
1246 5159
3607 3781
841 862
5283 5288
4452 5229
480 502
5812 5817
2479 2507
1431 1432
3712 6606
34 40
747 824
421 2766
958 1303
6741 6796
2279 2287
5190 6144
191 221
385 4369
6708 6711
1097 2683
6384 6539
1617 5574
1347 2308
4686 4700
1251 1276
294 6755
5254 5831
59 2375
6815 6837
1627 6558
325 380
4542 7114
2010 2012
2843 6594
3750 4523
1993 1995
1014 1018
2888 2894
6722 6723
4092 4096
3842 3866
1655 2724
1531 4959
830 1293
1457 5833
1457 3602
3172 3189
4401 4411
969 1490
807 1455
3968 4104
6133 6407
1464 1465
2386 5957
5607 5610
1770 6319
509 4372
6461 6463
1493 3854
2605 2868
1480 5977
415 416
1344 1466
1036 1100
42 7257
3715 3720
2882 3474
4544 6173
4047 4123
3644 3661
1254 1393
469 600
6488 6492
1393 3621
2859 2867
883 5499
5822 7156
806 5545
3167 3233
912 962
4083 5175
2253 2255
2328 5131
443 5461
3997 4020
870 7054
373 386
2111 2118
3521 6701
4519 4573
769 771
4041 4225
101 995
33 48
6946 6948
4222 5155
192 1329
1485 1486
3036 3052
2320 6642
3550 6879
993 6457
360 1429
1899 4071
3450 3452
2150 3402
3614 3652
2179 2199
1218 1606
2917 2987
180 6351
1492 1493
6017 6023
4015 4018
2126 2190
2969 3046
2203 5384
3724 4053
3690 4163
5926 5945
1351 4609
1490 1492
1674 1797
1790 1945
1843 1846
2271 5309
3046 3060
6256 6904
1051 6132
1502 1892
6112 6117
4166 4167
174 1955
4489 4511
4870 4905
6586 6591
1899 4074
7257 7260
2341 2352
2169 7074
3051 3138
4552 4556
4707 4739
6752 6754
5440 5774
1264 1296
658 683
3285 4070
4356 5440
1378 1445
3575 3614
2912 2977
4842 6097
291 1747
2952 3929
6876 6878
4779 5457
1996 2091
988 6081
3173 7244
3550 3564
787 6205
2440 4109
1508 6404
2305 4702
309 311
1521 1522
2770 3192
2729 2746
2680 2685
249 251
1388 1390
5804 5809
4514 4980
839 3583
882 4563
3998 5412
5823 5922
1358 4292
3528 3559
424 6938
2338 3386
6194 6201
766 1379
133 4334
1531 1532
2173 2179
6963 7112
4469 7047
6845 6849
5091 5123
6416 6665
1535 1536
2545 5382
3448 4208
835 6751
981 988
550 2059
6826 6987
1373 3942
4291 4293
189 4635
262 2589
815 1575
1876 1884
1541 1545
2144 6582
2762 2816
3229 3530
2804 3148
4278 4280
4301 4304
2330 5246
2852 3383
1549 3038
1549 2978
5694 5697
2204 4608
1702 1903
5791 5794
4434 5001
1084 1191
7127 7148
3116 3544
6599 6600
5926 5928
1739 2298
5819 5820
1161 3522
5819 5852
6853 6978
890 894
2548 2574
1135 5017
4306 5581
2234 2236
570 572
1559 1560
6107 6173
3221 3273
3084 3211
452 1168
4663 4667
1562 1563
2985 6175
937 1482
2886 4021
3811 3819
4760 6126
6661 6936
3711 5388
1533 5061
5826 5827
4050 6949
1685 1699
1022 5023
4400 6141
108 110
5512 5514
3776 4664
6371 7067
1974 3018
4069 4606
3797 4388
2366 6806
4844 6920
1875 2700
1636 1640
6542 6557
3951 3987
890 5883
3530 3535
4086 6743
741 744
4402 4410
6119 6128
2712 6407
1882 5962
303 982
2551 2609
938 4803
37 706
2721 2755
792 6551
451 479
1391 2872
3611 6286
4765 6378
6809 6810
743 861
2248 6757
6011 7012
3195 3263
3190 4253
1022 3446
509 2578
919 921
304 305
1213 1223
2342 2349
5834 5879
5732 5772
60 3462
23 6297
1070 7252
1188 1200
1834 1840
6754 6822
1993 6824
2815 2936
2591 3300
3665 5995
1711 2266
5546 6730
872 2801
4898 4901
68 4735
1473 1995
788 790
5838 5860
739 741
12 488
1345 1485
5814 5883
2438 2445
2338 3520
5838 5842
5807 6012
1518 4625
959 6954
3458 6780
3163 3228
1092 4967
88 3870
207 6401
6742 6760
7011 7019
1808 2016
144 3567
2502 2538
1637 5151
1629 7131
3084 6925
3287 3297
4333 6068
3992 6642
5195 5202
853 2431
1633 1641
1543 6119
3405 3725
4795 4998
343 1288
5472 5517
1366 1952
753 1824
3181 3765
1641 2388
2010 6606
1575 1590
1643 1644
5685 5689
1644 1645
1644 5528
5412 5783
1995 2000
2912 2919
3350 6352
831 1293
1706 1983
1063 6863
4367 5414
1918 1929
2924 6482
4135 4143
3259 3901
3458 6775
697 5211
2497 6720
336 340
2431 2504
6856 6857
883 1580
2569 7210
6857 6858
3389 7057
4072 4086
67 72
1078 1798
5792 5793
6987 7010
3345 4994
1647 2002
201 209
277 2524
349 6876
1253 6092
168 4821
6787 6791
1661 1662
1662 1663
690 971
884 4351
390 6995
4599 4686
3451 3476
6867 6880
831 835
1345 1480
1216 4557
614 4011
6529 6566
5897 7245
4941 4955
3853 3856
4478 4481
3084 3339
6682 6688
3403 3405
1361 1363
2805 2983
5746 6079
295 6628
632 2524
6648 6661
712 6756
381 1468
6662 6781
892 1858
3825 3827
2646 2949
198 3721
509 3428
234 4532
833 991
1246 1287
3275 3400
1754 1756
4327 4497
1281 1339
321 645
668 5100
1602 6152
1519 1527
5206 5216
269 4188
590 622
234 4709
1024 1454
4022 4024
1152 3560
2652 2769
3292 4346
3180 5617
1069 1076
7027 7086
3051 3053
5595 5600
87 149
1658 6573
858 1722
2407 4345
5797 5806
3969 4770
1702 3081
1208 3838
1096 5565
4503 4504
381 1693
129 3882
4176 5581
1933 1938
5703 5707
4250 6120
355 3021
7113 7115
450 1450
1101 2877
1978 4990
3234 3334
5103 6412
2202 3205
3200 3270
419 474
4139 4931
3235 5898
2147 3600
5799 5802
381 383
1729 1743
5243 5260
1731 1732
7028 7035
2338 6346
4912 5503
4980 4982
1509 4008
773 777
4138 5604
454 1419
1792 2631
1421 2579
6404 6410
3078 4533
519 5787
5459 6446
3485 6825
1362 3564
3368 3393
3636 3648
6408 6847
1415 7163
5878 5887
2077 6315
2221 5324
1176 4340
1006 5522
441 464
3827 3832
156 2485
1272 1372
2137 3029
1792 2892
674 1879
4010 5782
2935 5915
2800 5320
5340 5341
1129 1203
442 444
1851 1853
4145 5011
1922 3289
1792 6039
1968 4289
3206 4536
3253 7093
23 816
1107 5115
2273 4409
3368 3660
954 4142
4063 4067
3814 4366
6933 6936
2925 4236
6025 6031
1070 1072
900 6620
4581 6497
4809 6597
4832 4938
6965 6976
2724 2850
6936 6938
1362 6933
5985 5990
4243 6988
1234 1984
3146 4843
2283 2296
1119 1929
2669 6985
6838 6840
5431 5439
4393 4414
28 2381
393 3963
4068 4070
6609 6611
1641 1643
2146 2150
4279 4297
1796 1797
680 4694
365 4541
364 392
1358 2273
309 1037
4321 4324
2121 6343
5813 5863
7039 7111
19 24
3362 6741
3855 3973
2860 2883
1200 1211
1006 2080
1777 6870
2791 2800
231 2522
7225 7239
3190 3196
5466 5763
1011 1064
4540 7053
3321 3330
6410 6414
297 2475
4912 6412
899 6055
1951 4939
486 596
773 3501
7068 7070
2506 5250
4045 4046
1815 1816
1815 6678
4454 6590
1816 1820
1816 5882
479 2278
644 647
1819 5882
4952 4989
4718 4722
1820 1821
584 766
4961 4964
4676 4683
1207 2417
599 613
4044 4731
2 328
6231 6281
7159 7163
175 438
3161 3175
1215 5507
6961 6964
2392 6735
6964 6966
1824 1830
6956 6974
1350 6620
3129 3162
3452 3454
172 1337
645 6987
2640 2683
2370 2500
3372 3623
6476 6484
4457 4485
5698 5714
3387 3949
5193 5554
5913 5931
4702 5450
3920 4603
4028 4480
420 6883
176 2824
6332 6841
2853 6584
809 6966
4817 4820
3825 3832
3678 3681
206 1027
2553 2563
7068 7085
2173 2208
2125 2133
60 299
1672 4526
856 863
2627 2978
1101 5241
3932 6444
1968 1982
1987 4939
3857 5231
6245 6265
186 2282
4831 7282
2375 2379
3168 3178
373 6109
1658 1904
1496 5950
1213 3321
2597 6298
3535 3551
457 6832
1655 4671
1570 1575
4943 4958
289 6341
5661 5664
275 6835
2672 2680
2258 2303
6077 6081
1487 6386
169 183
3621 3627
3833 3925
1043 6219
3723 3739
7022 7029
1012 5950
1699 1746
315 2825
6696 6739
1390 1875
4365 4475
1668 5245
5928 5929
3709 3729
1929 6069
6327 6331
158 944
488 493
140 3864
428 5640
1381 5141
5929 5932
5705 5771
2036 2080
2641 6394
1819 2026
1006 1681
873 3994
1852 1909
5003 5066
2970 3514
4624 4686
2858 2894
636 670
5928 5933
906 3815
929 941
43 1384
326 334
2332 2622
6478 7113
5940 6024
2065 6518
187 4868
1847 2682
1246 1253
5938 5941
3635 3651
2193 2225
7158 7237
4116 4121
6791 6797
2032 2046
530 581
405 3409
2616 7211
3736 3738
5084 5743
1564 1593
2891 2897
2039 4617
1687 5610
6988 6999
4113 6485
7038 7040
2756 2797
1804 7264
1131 4880
2917 2940
6155 6257
3278 3380
152 3593
4954 4972
1920 1921
1456 1469
1696 5551
5084 5089
993 1005
933 1616
577 585
5179 5212
3438 3850
1453 4498
3550 5258
4721 4723
890 5814
4013 4024
3066 3068
867 2961
1833 3858
4524 5605
4436 4995
1932 1933
1053 1591
2702 5728
1394 5565
3465 3469
1935 4996
366 3501
1805 3028
2471 2509
6754 6759
3493 3514
539 6571
5953 5954
4080 4084
172 1338
1485 2034
3953 5633
4096 4101
4023 4036
4010 4937
3518 3521
5867 5884
1946 1947
4318 4324
1947 5004
4830 5111
5955 5956
3214 3554
433 3503
5956 5959
2415 3599
1041 4325
1121 5808
5957 5958
389 420
1034 4315
2256 2301
1073 1087
1836 6422
1150 4643
1818 5635
912 3157
704 3750
3170 3309
520 524
5959 5960
5057 5058
1997 5632
3302 4536
19 4140
3345 3455
4624 5473
152 1277
4288 6242
3015 3016
6233 6507
645 6826
61 1216
3820 5035
2226 3860
1069 1256
1369 1387
1657 6796
4023 4155
6984 7001
152 154
6380 6383
6236 6250
2516 4505
203 2518
1601 4841
2855 2893
2314 4909
5967 5975
480 3969
3746 3756
1858 1862
40 2387
4955 5032
4229 4518
5612 5639
1299 3292
4057 4059
4036 4195
68 2822
599 5581
402 413
276 3456
2017 2026
4739 4823
78 3774
152 4111
564 670
4304 4350
5672 6186
1326 5072
611 844
2925 6141
5348 6651
2003 2004
7095 7097
7226 7247
5974 6044
2929 3339
3036 3044
3930 6301
118 122
554 596
1 2536
388 6884
3412 3478
404 1031
1248 1589
2436 2461
3902 3944
2012 2013
4314 4663
1805 3074
2013 2123
2402 3458
3044 5449
5284 5294
70 1590
7250 7253
1236 7131
1517 1582
5102 5104
3411 3546
2018 2123
4984 5057
5627 5646
4292 4409
201 4421
2021 2022
7107 7108
681 707
4011 4041
3117 3119
5342 5347
2441 2449
1353 1488
5224 6161
1061 1063
6107 6175
3663 3673
486 5839
7107 7116
1036 6139
694 5221
2989 4063
187 189
3210 3236
2034 2035
2935 2983
1900 5065
4892 4934
368 1742
2719 2866
3915 3931
4171 4174
3488 3493
2050 6290
2508 4079
2041 7062
3118 4517
3485 4878
134 4321
3867 3877
859 1130
1673 5578
4295 4305
2045 7025
5795 6305
1197 5057
4545 5813
5984 5985
970 981
4748 5907
1723 1864
5937 6006
1777 6885
1180 1182
1576 1578
808 812
1182 7239
1023 4761
244 3088
3097 3139
1911 4350
3592 3669
557 574
7140 7141
2838 6782
4655 4811
983 1512
4361 4592
4891 4916
4154 4160
5807 5808
913 3847
2319 4547
4211 6534
6768 6770
1145 1212
4554 6879
4251 4292
253 260
1030 1033
5289 5304
2962 6658
7162 7165
5328 5346
4120 4138
2925 2944
1193 1198
200 7246
5831 6968
252 255
1969 3333
3938 5688
1671 4640
442 508
1749 1788
2079 2082
2127 4290
713 2075
7117 7279
5109 5114
3621 3631
5486 5489
654 3546
3171 5277
344 1551
1199 3015
4743 4745
2070 2073
5043 5046
5852 5854
870 4553
3697 3758
6804 7076
3585 3642
954 2920
6450 7176
2346 6879
3973 4988
5289 5303
368 4493
6339 6362
2743 2843
4748 7215
3196 3199
5348 6666
3613 6286
2990 2991
5788 5845
6319 6322
2429 7168
4667 4674
3887 3894
619 6490
458 658
6957 6961
7128 7130
7034 7036
3855 3889
2871 6937
3157 4412
6464 6604
5509 7240
4108 4112
4811 5005
4989 5014
838 2064
837 5267
6611 6613
3922 3927
503 1410
4470 4576
3976 4025
4109 4110
1349 2430
5360 5425
2123 2124
4262 4270
697 5034
2145 2160
3513 5352
1458 1475
6262 6267
2499 2805
2119 2145
928 1753
4369 5627
3030 4324
2134 2135
3169 5168
5848 6085
3757 3777
92 3125
988 1593
4419 4435
219 4521
2154 3278
1514 1518
610 747
7034 7043
5488 7249
2605 2608
5788 5803
67 1958
6813 6833
5597 6980
4633 4636
5227 5943
1998 3483
1533 4517
1522 2610
473 499
4002 6284
3039 6806
2358 2394
1801 6647
28 55
6281 6392
4335 4392
120 317
6041 6076
4377 4798
159 3498
3475 3842
3372 3907
1791 3074
1329 1336
599 736
2152 2256
2127 2980
2163 2164
2163 5969
2163 2166
2164 2171
2164 2165
2165 2166
2165 4902
2352 6969
6810 6815
3111 5069
595 3006
4064 5479
1077 1338
5444 5454
2031 2037
6003 6009
4309 6220
2171 2172
3335 3338
2172 2173
2172 4902
892 5144
3373 3822
2174 2175
3306 3311
5336 5380
3993 3995
527 643
3468 6780
855 870
863 1778
5251 6167
2178 6837
3220 3533
2181 2182
1963 1970
3417 3419
2182 2198
65 4524
2242 4253
2733 4234
5836 5879
7135 7139
856 1656
3374 5994
1738 3224
2052 3391
730 3801
5614 6235
2193 2194
2668 4348
3366 3371
3326 3367
3409 3410
5317 5326
3070 4236
6219 6233
5534 5539
2198 2199
2279 2946
273 286
6196 6640
289 4261
4308 4312
5714 6269
2799 6672
2947 4988
1457 1464
2434 4141
981 6007
3850 4384
2947 2993
965 995
342 3490
3380 3382
931 1435
6294 6426
2366 2368
3993 4002
665 3384
6191 6204
3747 3775
2988 3692
4512 7032
2806 5961
4178 6414
998 4719
4194 4224
3632 4232
4384 5071
1939 3680
6670 6677
2222 2223
4803 4825
4434 6294
2625 4940
2720 2734
2990 4291
772 776
6483 6567
3310 3990
2227 6564
3091 6709
2 21
329 4757
218 562
3691 5426
87 5927
2230 2236
4369 6347
5389 5403
2467 2473
707 914
3963 3968
5549 5553
21 37
2734 2766
5243 5250
3019 4213
2359 3516
5313 6833
1193 3651
5297 5300
2066 2071
828 1428
43 5927
2243 2244
1067 7062
4187 5449
48 2513
1706 1773
4166 4203
6453 6459
1706 1859
66 5630
603 609
648 652
2532 2536
847 872
4871 4912
3366 3372
2234 2251
126 3800
1339 5695
3468 6922
816 6254
3728 3733
3887 3907
4652 4662
289 1596
1343 5858
4962 5663
892 3173
6077 6254
5129 6184
5251 5467
708 713
20 1387
1675 2310
3973 5026
2756 2767
4167 4237
4434 5010
3174 3179
2271 3857
1195 1199
393 6973
3044 3951
4364 4385
1211 1216
6744 6818
2154 2162
2220 2270
5189 5191
5075 5078
2283 2284
531 2996
6217 6233
2285 2286
485 6136
1847 5637
1868 4548
873 1650
4426 4429
7076 7090
2372 2399
749 755
2053 5935
4743 4750
7181 7255
61 4926
3150 3153
6715 7045
5600 5608
559 4695
1921 3680
214 233
3726 6554
5360 5375
3719 3723
541 708
5354 5365
2157 5658
4220 4288
1691 1697
1785 2290
4824 4834
3092 3098
1791 1805
4474 4476
3969 3981
896 3024
6802 7020
2282 2475
3468 3480
723 4513
675 703
690 693
2115 7081
2821 2822
2046 2052
972 977
4127 4137
145 7225
6602 7252
1697 4302
2324 2325
2791 2983
4726 5012
2601 2629
4198 7188
4425 4568
1327 1331
1393 1936
4062 6347
4719 4741
3918 3920
4650 7069
2734 4964
3639 4234
1914 3451
1272 1378
3586 3650
457 6930
5594 5604
1170 1180
138 5926
1850 2213
6632 6664
321 6827
179 224
1565 4406
278 5630
1663 5077
1728 1730
266 270
465 4343
370 387
456 6883
4846 6509
5347 5349
1150 1152
836 849
3564 4848
2696 2705
145 6295
742 5076
2795 2860
638 725
946 4072
5244 5647
5125 5133
2812 4877
2211 2584
2360 2363
3295 4067
300 5734
853 3916
2969 2975
5910 5913
1946 4523
2112 6809
1195 2858
4578 4585
4066 5175
1744 3217
920 5554
2499 2972
753 5888
613 2931
3310 4006
4381 4396
3609 3623
2375 3710
13 3057
2685 2690
3687 3698
2667 4518
2240 2246
2514 2665
3814 4305
6563 6590
4393 4399
7126 7171
1239 6256
427 431
4385 6264
3485 6818
4721 5549
3627 3631
2060 2069
4593 4604
2388 2389
52 6544
886 888
4744 6126
4312 7013
1160 1162
6499 6521
3705 3831
1089 1777
862 6974
5669 5920
3022 3025
4047 4322
3102 3135
845 7057
3700 3972
843 854
2200 2934
5926 5938
3363 6856
5836 5843
1233 1234
3633 3661
4345 5440
3483 6981
907 910
6099 6115
1326 4733
4130 4388
4417 4486
2411 2427
6099 6100
1785 1808
3995 5505
6100 6101
851 1974
5326 5409
3144 4921
1356 1379
6100 6106
2330 6562
3606 3642
7094 7096
5397 5400
3073 3849
2486 4681
2622 3248
6465 6467
2427 2428
422 3287
487 6739
6101 6102
6436 6450
1361 4292
6102 6103
1745 1754
6073 6192
4286 4299
4096 7106
346 395
3118 4544
2593 3183
2159 4322
2336 2339
5330 5342
2355 4460
718 731
3104 4935
85 1773
6107 6108
4504 4506
53 7240
3007 3012
4709 6671
1383 5740
978 5133
732 3318
2924 3010
1758 2759
678 5772
7036 7041
2815 2917
277 632
810 814
434 6758
2539 5766
36 2356
2969 3038
5177 5205
978 5152
2535 2545
2156 4446
722 729
4450 4470
6499 6717
2452 2453
1595 2037
4310 4318
2453 2454
1194 1962
6110 6111
3691 3697
644 755
612 3537
984 999
196 5753
5737 5747
382 3069
288 2247
2884 5505
5542 7240
6815 6822
4001 4030
141 4471
1331 1757
3219 3533
61 5605
6111 6112
164 167
1609 1612
3654 3687
5830 5843
5315 5383
7 2444
5471 5478
3381 3563
484 600
6112 6155
4005 6438
2428 2638
6673 6677
288 3214
2697 6067
3439 5720
3756 3780
22 341
314 5508
6168 6177
6114 6115
115 3793
1244 6446
2476 2477
1297 6866
2477 2478
699 4222
3537 3541
6137 6138
4354 5693
1740 1743
2757 7235
2480 2481
6115 6118
2133 5428
1158 1160
58 2846
2481 4161
1583 2481
4583 4634
102 142
6428 6439
3266 3290
341 7042
5270 5372
452 455
3085 7232
2884 3945
1205 2722
3135 4732
2839 7079
6842 6844
1086 1120
5733 5770
3254 3689
1042 4634
3326 6253
3743 3746
265 5073
1035 1111
2645 2667
3116 3126
3242 4987
734 6299
3733 3736
6760 6765
81 113
5774 5779
5023 5038
3254 3352
5164 7120
2720 6434
588 4503
429 551
1321 6394
2791 2808
3733 3863
2862 7075
2659 2940
1139 1175
4377 4392
1601 4984
4027 4029
4841 4916
5262 6248
301 5635
1021 3313
7100 7261
4141 6405
3692 4181
4461 5217
1242 4716
5592 5603
5176 5193
5251 5298
4829 4837
474 4366
6132 6154
2722 2755
1174 2159
3810 5640
5725 5811
511 547
2541 6908
573 576
3703 3718
6131 6132
2111 2184
5610 5615
2429 7046
3793 7222
4356 4358
5620 6234
5360 5373
7091 7094
111 6618
939 3135
225 2471
4579 4581
2602 2638
5483 6390
2449 5798
37 1116
6859 6917
505 522
610 700
6675 6827
2644 3600
4998 5000
1510 1533
778 5273
3166 3256
625 626
4577 4767
1246 3512
642 2669
5367 5441
134 4334
6795 6800
4271 4538
586 779
6976 7112
2332 3136
1408 1417
1355 1795
1007 3469
2653 6094
1123 6146
5663 5676
5127 5132
827 5268
1103 2316
3633 3643
7195 7219
2312 5130
6085 6096
2153 2158
2571 2585
422 873
5791 5973
2363 4463
3408 5136
1826 2429
1942 1946
2396 2407
84 268
1367 3672
3400 3403
4844 7265
2570 4372
788 4596
927 4731
4810 6232
676 687
688 700
5067 5155
2577 2578
2775 2778
4643 5715
3670 3678
706 710
4350 4352
2013 2120
3528 3804
4097 4907
5719 6911
4862 5575
965 1154
5452 6393
6300 6670
1147 1203
1174 1624
4684 6647
4929 4953
1883 5082
4178 6482
6569 6935
526 1189
3651 4048
5909 5916
2241 2252
4012 4013
5332 5358
2602 4181
1970 1975
19 2216
4975 4978
1818 6021
828 838
897 924
4017 4031
1615 1719
2432 2597
1707 3289
2627 5007
6 3305
2599 2600
430 1135
4019 4032
907 5557
3083 6961
6997 7018
1573 5658
6154 6251
1625 2527
6155 6251
2151 2165
2307 2314
6496 6500
3462 6697
2239 2243
3062 5607
1344 5885
5106 5659
4503 5494
2440 6233
3700 3715
22 38
4786 4788
254 802
3680 6069
4124 4153
6159 6160
80 1270
589 1841
2706 2742
2967 3038
2471 3126
5432 7166
1839 4868
3130 3134
831 839
2004 2008
1522 1526
254 5202
6162 6163
6162 6165
768 778
6163 6164
715 785
4180 5850
6586 6614
2625 2626
4958 4965
6455 6461
2626 2627
1201 6177
7221 7227
1105 1801
4614 4623
4212 4217
5644 5649
3763 3774
1910 2949
2362 5859
3149 3286
445 2845
5224 5236
6163 6166
2772 4321
113 136
1822 5603
4872 4888
6213 7282
999 1005
4513 5718
2664 2673
5867 5897
6651 6666
6952 7058
1453 4230
2028 2128
3206 5002
361 6707
196 2739
7190 7209
1557 1559
1569 3113
3931 5709
2712 5502
2215 4010
3183 3301
417 6010
5478 7040
1558 1585
4290 5206
1010 1019
2650 2651
1830 7148
834 6949
2651 3816
4139 4937
3335 3357
2301 4207
3381 3570
3841 6457
630 653
680 4683
5619 5628
2303 4029
913 4202
667 695
1697 4470
4886 4890
5252 5270
6683 6717
2211 5609
3744 3843
2697 2706
4256 5265
5344 5388
1028 1350
2226 3365
4239 4771
4153 4156
1073 1079
2127 7007
1550 1585
700 929
3490 3496
1620 2620
1098 4149
220 5301
24 5416
998 1000
480 495
6776 6782
6788 6795
987 6440
3107 4818
1219 4489
4804 6280
1297 5543
288 305
4619 4815
5899 6037
5262 6192
230 244
1006 1008
713 2086
1090 3739
317 320
2897 3113
4400 7204
6107 6166
1304 1821
2916 6094
6184 6185
2988 3972
4916 5056
940 947
288 513
6186 6187
1740 1762
1516 4407
2071 2104
3979 7272
5834 5836
5911 6026
6187 6188
6187 6415
7109 7122
225 2522
314 5478
3319 3323
6188 6189
109 298
1244 7048
3097 6674
78 5568
1939 6084
2520 2535
2423 2430
1972 1984
1034 4676
7157 7159
907 2180
3754 3760
1515 1601
1896 5952
942 944
171 731
3919 3933
2093 4469
2075 2079
2022 6753
1530 6722
6694 6697
3016 3835
2469 4678
764 813
1583 6136
3745 3848
2082 4298
326 372
4950 4972
6944 7080
363 1429
6054 6066
2721 2722
6698 6701
3913 4187
7208 7209
3190 6365
3185 3186
2361 4487
5944 6982
3253 7092
1504 2623
3171 3232
3659 3664
3239 3260
1041 4044
1242 6738
3648 4742
1151 1577
1658 6590
1574 4437
590 3288
1845 6242
1268 2877
2023 2298
276 287
301 2478
2474 4037
6524 6526
5757 5762
1151 6587
828 2064
4954 4963
1353 1628
6563 6585
1920 6674
2670 2671
1912 3628
3 5839
1008 1105
7194 7243
4492 5332
1149 3560
1931 2098
4016 6476
956 5738
3213 7212
2472 2683
1573 5701
1764 3027
744 749
6462 6710
2379 5524
1267 3466
3459 4290
4071 4079
2331 2421
897 6909
556 2870
3130 5136
574 591
2902 4960
3345 5621
4509 4796
1691 6566
5475 5500
2400 3363
401 962
1247 3244
229 269
6212 6455
1126 1131
525 6785
1709 1710
1131 1141
4948 7009
670 678
1111 1483
1011 1050
926 5041
3713 3824
2032 6287
3947 7234
882 1607
757 6655
3589 3666
6216 6217
5109 5113
2618 2681
1581 6365
5913 5923
4986 4987
1147 1148
4374 4389
1633 2396
3173 3179
2627 2979
1902 4659
534 1151
1508 6175
1806 3870
7017 7091
1555 4457
2293 5785
3362 6699
339 362
5799 6179
5298 5344
3286 3290
1057 1061
1748 2748
2809 2819
1135 4413
6860 6862
4741 4829
3188 6682
2583 6914
1382 5940
1238 3512
6545 6547
5120 7141
2496 2699
3414 3660
1672 5804
2885 7201
1225 1237
561 798
4066 4083
2625 3087
1232 1306
1232 1283
5077 6307
1573 6782
1339 1838
3950 3960
1250 1251
2849 6629
717 2163
1045 1140
2063 4616
89 5537
393 1554
1744 3451
1045 1142
930 1024
2770 5071
6917 6941
4859 4887
3937 3940
5277 5286
2645 4281
880 2376
5522 5527
3419 4494
6759 6766
755 1719
3811 4019
5694 6377
3486 4905
100 5036
1057 3398
1276 1283
4943 4945
2322 2324
3839 3879
1067 2043
4335 4344
947 4732
765 1570
675 4681
2075 2078
2893 4536
6639 6700
502 4027
6378 6568
159 2360
6541 6545
3859 3999
5609 6199
150 151
1109 4869
1306 1308
3987 5241
992 4879
3219 3509
2910 4209
1335 5153
209 212
192 3025
606 1799
1295 2254
4745 4747
5641 5644
4183 4184
3219 3220
1518 6166
7268 7269
1228 4346
7210 7213
5864 5895
2891 2900
2891 6094
1510 6173
4578 4605
1390 1870
246 272
154 7169
313 423
463 466
4355 4376
1320 1322
2897 2901
3449 3458
1459 3088
733 4610
2900 2901
2900 4964
2901 2902
2901 4961
1133 2432
1630 1665
247 253
158 159
1987 4936
927 5239
2907 2908
2022 4900
3125 5753
1221 2523
1221 2500
2909 2913
1269 3925
1101 1247
622 656
2913 2914
931 974
7147 7152
6333 6355
6997 7005
3116 5667
3242 4199
1222 1255
6209 6260
1387 2019
2589 3896
2481 6973
3208 3213
2287 2288
6725 6731
2955 3005
3375 3633
5053 5110
2439 6245
77 85
4622 4664
935 946
167 168
4608 6011
370 5573
650 651
1547 1552
678 5523
3159 3167
2937 2938
5548 7021
3116 3122
3525 5007
111 277
3566 6691
6246 6473
2773 4190
3283 3336
3352 3413
4195 5431
93 4645
173 174
2467 6329
148 169
1011 1025
1489 2413
782 2855
2295 2309
2712 5504
2009 2065
1458 3286
610 625
447 449
1704 1714
201 1085
2954 2965
48 2527
524 528
1395 1405
2842 3998
4620 4621
2488 2497
1016 6007
3744 3753
5278 5282
4195 4500
6251 6252
1248 1584
5482 5483
6252 6257
7204 7210
5434 5448
1993 2022
2297 2303
1032 2516
568 3502
2514 2671
2967 2975
3686 3798
1722 1841
926 1767
1547 6088
1595 2745
6257 6424
352 4757
3363 6732
887 1074
5972 6063
3283 3285
5351 5353
4723 4724
1557 2589
1558 4747
7240 7249
4859 4883
6108 6162
4608 5060
1974 1976
4022 4679
7119 7120
1210 1221
4099 5380
3721 6761
6138 6320
517 565
138 2206
4393 6719
3714 4043
2014 2032
5330 5347
665 5952
2059 2060
955 2621
5233 5993
1089 1260
914 2062
1048 5865
6403 6527
4471 4474
5890 7004
3548 3560
1625 2523
748 5461
2998 3055
1582 3210
6467 6669
297 3356
191 192
241 3979
6143 6146
3441 3443
3466 6695
5187 5201
774 1200
2055 3813
5581 7009
4371 4430
7155 7157
1201 1205
4377 4428
7164 7167
4683 4684
1096 5698
4643 4647
5477 6418
176 1676
2806 6672
1248 1578
360 363
1365 1367
351 4571
615 5206
1421 2868
3769 4766
654 1867
3019 3020
835 1291
1531 1861
266 2131
2592 2674
5787 7245
4208 4221
706 2465
1855 3437
2755 4596
189 4516
6593 6625
2123 2262
3131 3294
5972 5990
752 6678
5308 7077
3856 6792
735 742
1391 2906
1533 1542
3033 3034
1737 1768
293 2340
395 1424
719 722
2497 5548
76 204
6882 6912
7124 7125
3129 6176
2329 2334
209 218
2539 4529
3931 3939
373 6654
6271 6272
6271 6388
4483 4671
1207 2372
675 3527
6096 6113
1057 1456
2436 2460
3847 4467
4221 4228
57 2483
6552 6579
178 2483
2838 6784
2693 2697
3053 3054
3053 3058
1639 2064
6654 6659
156 239
2589 3163
482 3235
5524 5528
2647 6430
3060 3061
1842 1853
3060 5054
5271 5404
2093 2347
2813 2867
522 630
4195 5439
2859 5984
5055 5095
2141 2151
1786 1789
1129 2639
919 2996
1967 5551
3469 6843
5165 5180
3310 5141
978 1701
2025 2027
5492 6138
2135 2141
101 965
54 6598
888 5814
2823 2831
234 1741
3079 3080
1199 3016
1472 1874
7100 7181
973 2970
7128 7182
474 921
6591 6614
6832 6834
1202 1539
67 75
3085 3087
3569 6333
3085 3090
4792 4795
1148 2639
4809 4896
4654 4656
3304 5460
3333 6600
476 478
301 371
174 175
7130 7131
321 6970
5109 6091
2626 3090
1177 1184
529 639
1504 4455
36 5727
4360 4376
4290 4545
2186 2190
5422 5425
3365 3366
159 4463
2736 3298
994 6190
2097 4810
3721 4711
3239 3280
4059 4061
4056 4394
2944 4400
3013 3114
7058 7066
1208 1220
2014 2030
646 4183
3152 3227
7132 7133
637 642
4323 4375
2029 7208
443 495
4954 4976
1658 6563
774 4565
2100 2110
260 2664
2309 5997
2102 6924
2717 2721
253 2673
3325 6012
3715 4252
5276 5280
1843 1849
3126 3127
266 2204
1042 4532
1284 1286
4744 4789
5028 5039
3128 3132
7133 7134
3126 3128
3131 3132
1844 5047
1321 6703
3892 5313
3051 3066
2852 3238
4377 4486
3478 3479
1610 1708
908 2484
3140 4938
2112 6470
4039 4104
2704 2726
14 270
4429 4931
4099 4485
2449 2451
1010 6460
5014 5135
1560 5731
943 1948
2203 5105
4280 6026
2218 2832
7030 7045
3657 3695
2672 3376
2679 5657
638 859
1852 6980
2402 4878
1480 6009
1252 1271
1450 3975
7134 7135
6244 6246
3218 3226
1891 1897
4168 4487
1363 1365
4025 4171
3722 3741
5855 6037
2806 5967
2301 3096
5912 5937
2967 2979
3161 4845
1514 1516
3626 6661
916 7111
4851 4853
4387 4952
1197 1220
289 1426
2657 2909
291 292
880 5411
292 6628
3831 3839
749 5707
2828 3216
4391 4462
4332 5942
489 1645
1060 1066
4421 7202
1284 5948
344 1925
671 1003
301 5642
2932 2933
6515 6535
4756 6228
2104 3329
834 3745
5910 6025
2401 7271
725 6337
2856 2875
3206 3209
271 1742
189 222
3190 3191
564 568
944 979
5179 5979
1573 5679
590 1422
2237 2300
1039 1042
431 1315
1120 1156
1412 5943
3806 6927
4398 4402
5562 6715
3199 3200
5536 6730
5139 5143
1182 5660
4703 4705
35 3368
1448 5940
1813 4637
3481 3678
3628 4597
1391 1931
1334 7168
776 780
702 3721
2983 2994
2323 6778
2462 3050
1053 1969
3946 4023
5080 5096
4744 4760
4843 4898
1113 1116
2784 2798
654 869
4511 4515
1338 1342
224 1169
731 873
1800 5617
4172 4772
5536 5546
908 4521
1292 3227
1242 6145
5110 5129
5592 5597
3989 4969
1247 1664
1892 6267
589 813
2739 2740
3276 3278
3525 3647
256 276
5421 6590
1837 1852
3939 6083
5328 5339
3220 3223
73 6270
7203 7224
965 6440
992 6954
4557 4926
1246 1286
168 5858
4669 4676
4819 6954
4406 4427
1129 1232
2136 7099
1472 2217
674 2210
3746 4158
453 1481
793 3851
4150 4153
4895 4909
446 5419
4903 4906
409 6736
902 957
5562 7111
432 2573
3261 3262
409 410
4881 5111
3255 3342
1860 5676
3262 3279
1395 1401
3265 3266
861 876
6676 6755
3323 6621
3267 3268
731 1622
3267 3271
2024 7092
2570 2577
411 3443
6080 6086
6952 7078
2232 2253
3144 3149
3261 3273
648 655
719 3297
2612 7055
1123 1880
3276 3282
1280 1282
446 1645
1948 4464
3279 3280
3148 3537
546 5748
389 399
966 984
1354 4704
145 2403
484 500
145 4925
2316 2410
902 1859
3550 6648
426 427
1668 5233
2810 6672
2868 2874
123 147
1433 1442
6108 6110
924 4982
3282 3293
1336 3025
1554 3810
3275 7064
5548 6430
562 1956
3059 6658
3007 3009
1609 6920
4040 6541
2855 4222
6333 6334
2739 5761
1254 1936
3306 3307
5471 5508
2808 2815
3307 3311
3455 3486
359 1639
4305 4366
1881 1883
2119 4401
6834 6892
3313 3314
3313 4756
596 658
3314 3315
3055 3066
3315 3316
3315 4762
5757 5774
916 5562
1921 1925
4913 4924
699 5067
2146 2614
3412 3472
1925 1929
3317 3319
5614 5618
4562 6734
1383 1896
2962 2970
3419 3422
1953 5752
280 4364
5874 6188
5499 5509
865 7214
4848 6661
4428 4568
6762 6769
3062 4062
3323 3333
5664 5677
425 7021
2274 7149
786 1424
2835 3457
1094 6167
378 5083
44 2366
4164 6270
6016 6017
3762 7079
175 1048
5573 5684
7144 7145
3421 4785
1697 4461
159 5886
3341 4945
5847 5853
3343 3344
3343 4971
5063 5065
3264 4335
2200 4465
4963 4972
4017 4019
156 181
1533 3320
475 6341
1551 3217
6436 6453
4149 5900
3100 4338
969 1063
2665 7233
4820 4822
4270 4302
89 91
3031 6628
3326 3348
427 2870
2712 2735
5003 5062
1031 1058
3163 3896
4117 4158
1605 3553
447 632
1207 1216
853 2703
5120 5133
188 2763
7118 7156
5421 5868
4982 4988
200 214
1954 4785
4208 5158
3982 4005
1687 3062
3599 4263
530 652
6150 6211
491 554
7146 7147
1121 5777
2750 2751
5379 5385
4229 4232
2433 2546
2777 3226
4621 5393
2133 3177
343 4688
3878 3881
4134 4136
984 1005
1645 2428
7146 7177
5198 5225
2092 6536
866 5920
409 1575
527 529
1818 5642
71 78
1111 2884
4185 4231
939 1726
7146 7184
5724 6900
1127 5965
6473 6481
2503 5243
3124 3147
226 2509
2101 7011
1149 3548
1158 3545
4557 5851
4121 4123
6749 6800
1695 1700
2516 4367
3706 3717
3221 3224
1246 3539
595 711
3859 5656
1443 1465
2176 2309
242 245
3137 5136
5212 5228
2888 7114
3695 3724
937 2588
5578 6734
1820 7101
3258 7154
2453 2505
4812 6887
555 4662
1219 4052
1700 5568
1444 6190
3422 3423
3535 5631
2116 4109
2667 5797
2506 2537
6531 7184
1569 2480
1986 2128
1955 2752
5356 5360
1615 1953
3036 3951
3428 3429
4259 4269
3428 6512
2421 3759
3429 3432
2116 6324
7262 7281
2063 4122
3432 3433
6769 6771
555 4695
4434 4995
2539 2790
5726 5826
3698 3741
2777 5719
559 562
588 4796
2106 2732
2280 2622
2369 2676
5575 5591
3493 6402
6613 6615
883 1172
1956 1959
3525 5286
808 5545
713 2081
2865 6805
1776 1786
365 4645
6358 6522
901 2798
4763 4784
450 971
580 4784
4110 4198
761 3749
4438 4520
1932 1950
5939 6006
2953 3767
926 928
472 506
1338 1756
6201 6408
580 6923
3616 3948
1500 1894
4285 6313
1631 5350
4500 6575
6429 6432
6693 6696
1236 5154
1775 4915
1902 7126
4200 4323
1319 1334
3465 6694
173 1358
2481 2918
4332 5153
945 4711
2811 5225
4687 4690
2237 2239
613 7010
2063 4482
1161 1575
3470 5681
3470 5682
2921 4283
543 4985
1006 1996
6240 6241
2293 2884
5836 5875
3662 5397
3749 3757
2242 3569
5813 5835
6576 6712
2440 6219
5269 5273
1605 2784
726 4935
2435 6202
620 629
3246 3260
23 67
6659 6662
2097 4804
2168 2258
5973 6121
6058 6243
2592 3748
599 6987
4344 4354
93 3921
540 858
6515 6546
2431 2550
3206 3210
1560 5786
1874 1887
81 7234
3244 3893
2386 2404
2406 2414
886 5587
4917 4932
4880 4885
24 28
1590 1596
731 870
3900 5525
5455 5456
3182 4140
919 5272
534 6098
621 5685
1461 6485
1125 1165
830 4807
444 469
631 5333
223 4615
6281 6397
2657 2659
3512 3513
4373 4380
4091 5727
3970 4011
4617 4620
6577 6581
6122 6125
3515 5673
7152 7155
5781 6587
1160 4682
3579 3581
1183 3760
2266 3289
1420 2036
127 3245
3005 3042
2651 2913
1117 1124
6899 7065
2121 6287
2311 5085
474 4586
6195 6254
492 1438
647 5703
647 967
6077 6119
4397 4427
29 2259
4752 4753
5632 6418
2055 3843
6708 6872
683 3394
3823 3978
3539 3540
5815 6751
1366 1370
4351 4692
3223 3562
324 3394
198 702
6508 6539
5594 5803
162 5718
1033 1038
3543 5870
1094 7156
2983 5054
7106 7129
1057 4266
5714 6289
502 4034
2100 6470
1493 1497
636 3406
4006 4015
6573 6577
3824 4339
7159 7180
5997 6004
561 794
1718 1814
6683 6686
1092 5894
7013 7031
2325 2327
912 7161
5476 5488
805 6239
1571 1670
1595 2245
3639 5208
6766 6773
83 97
1961 1963
6775 6788
2003 3699
403 6243
956 6116
3438 3476
2594 2596
66 79
4692 4975
4112 4600
2406 7106
1551 2719
2484 2518
5917 5949
704 1942
15 880
4795 5015
6206 6215
4933 6303
5024 5028
1532 1535
1397 1499
1801 5522
4850 4862
558 2851
391 1187
4322 4381
1212 1222
2749 7050
1678 6416
1983 6830
4322 4371
3535 3705
3108 3116
7079 7121
2131 4261
717 2166
5102 5118
4667 4669
925 7140
3866 4935
721 2223
546 5920
156 5185
482 495
877 2887
1504 1510
135 139
3487 6697
1203 2640
4445 5043
1437 2740
606 6719
411 3399
5633 5641
4612 4624
1899 2572
203 5946
5783 6071
3990 3994
1794 6900
732 4523
733 734
6432 6436
204 3442
4509 4799
735 1796
6064 6105
5723 5725
742 6748
320 324
2230 6564
5237 5245
4730 4779
4186 4189
3031 3045
727 730
6453 6455
674 2353
1186 5653
2280 3248
800 810
752 753
6316 6602
4492 6906
343 4522
1351 1354
5082 6233
4362 4363
320 329
1022 3536
3481 3646
849 1193
2530 4649
6941 6959
460 4341
5173 5178
3490 7224
3292 6320
3073 3109
3670 3697
6898 7279
82 2309
78 4105
216 219
312 689
2486 6700
773 793
5574 6206
4873 4899
1615 2744
4660 4663
6914 7208
72 1958
3993 5505
3303 3306
4846 6424
774 2417
959 1297
5667 5675
96 4645
6965 7110
3224 3262
2773 4068
122 4280
1927 4248
1439 3856
806 6523
1581 6262
1152 4666
547 551
2718 6429
1519 4798
5635 5642
3195 3216
5904 5919
1179 1941
2086 7088
1041 4214
407 3572
231 241
6665 6829
3682 3683
2319 2486
4385 6277
3683 3684
2700 6033
3684 3685
1019 6837
275 709
384 5238
777 1651
279 280
2159 4381
2848 6584
2718 6432
181 194
4397 4406
2873 6490
3057 7172
730 2158
34 2334
350 356
340 363
563 751
5102 5122
4548 4583
1313 1478
4275 6576
5815 5973
5803 6028
3536 3542
3228 3899
821 3820
737 2624
2197 2200
1811 4701
1480 7136
366 369
6895 6915
5127 5130
5117 5130
1058 1889
6676 6859
4320 4379
6423 6553
2032 4905
350 696
5237 6904
4250 7166
433 885
5152 7098
4765 6522
5493 5497
822 826
3277 3283
1653 4999
6192 6224
2864 3717
3858 3872
2862 2878
41 44
3444 3447
2191 2193
339 1646
2448 2564
76 4988
7177 7183
2497 5423
151 1277
1891 5254
3690 5419
2472 2660
6855 6867
6924 6928
2676 2747
3122 3128
3350 3351
2487 6609
3397 3411
5138 5145
1645 2408
7179 7180
400 2597
6692 6694
3059 3299
1190 3762
1053 1062
6031 6034
1230 2232
2338 6400
3357 3481
1439 1443
1282 4431
7121 7185
3748 4508
4631 5417
3355 4689
897 1736
6546 6670
2206 5938
711 887
1351 2367
1793 1803
2355 2357
196 1041
6003 6005
1613 1624
489 4622
270 6011
2603 2604
2280 2777
1508 6414
4346 6049
635 1165
20 3876
1850 3324
2307 4730
3449 6795
2065 2898
3064 3786
4562 6739
1406 1424
1508 6259
276 3336
451 2235
396 6430
984 993
1522 2470
3326 5035
6458 6479
1691 4754
219 6014
468 3526
821 3348
5191 5195
2210 2334
2937 2940
326 5224
514 5680
4037 5823
220 1035
1909 6200
902 904
2812 2929
4526 4558
7144 7152
6920 7024
1096 5115
2643 2719
473 501
86 204
2367 3837
6770 6772
571 633
1042 4548
2272 3439
4300 7234
1286 5948
957 6525
398 428
6098 6123
373 377
3317 5126
1651 2600
4302 4658
1590 5275
3988 4008
3799 3800
5013 5814
2375 2381
3800 3829
6723 6750
335 1646
1597 1600
5201 6327
3895 3911
77 1685
635 675
2148 2154
1533 6111
5572 5578
1939 2329
3421 4253
4547 4681
2554 7198
5527 6647
1472 5592
6304 6344
5307 5310
1167 3022
3402 3416
2002 2344
3651 6423
445 2619
2551 3896
4791 5142
2184 2186
1121 2415
46 123
998 4827
3646 3652
3087 3122
203 213
2055 3753
2815 2937
3543 6053
6605 6608
1516 2963
2387 5134
5159 6660
5029 5034
6624 6823
3835 3836
2248 2251
3350 6766
3032 4304
3918 3922
229 4546
1488 1628
1738 3231
2239 2267
1525 4028
1280 4453
1386 1388
365 3941
4276 5596
1598 1607
1006 2026
1085 4421
6289 7071
2041 5364
780 1953
3835 3846
831 3825
2432 2438
3728 3852
6510 6513
1015 1704
1616 5577
5186 5203
471 473
3159 3335
7078 7080
5410 5479
6578 6828
6771 6775
1557 6434
233 817
590 845
5660 5695
4102 5158
1794 5876
4993 6869
1441 3550
1447 3786
3864 3865
3864 3869
2236 5374
624 5333
3465 6843
3867 3868
3657 3677
3867 3878
3868 3869
3868 3870
407 423
4103 4119
1271 1275
916 917
1436 5208
4999 5024
5579 5589
1545 6093
3473 3482
2317 2320
1622 1973
2203 4885
3399 3401
2686 6854
2988 4853
1428 1773
76 3778
7068 7117
962 2814
3882 3883
5917 5930
3883 3884
3883 3885
6523 6524
2741 4980
6521 6683
5673 5704
1268 5065
6820 6898
2189 2190
2103 4687
4689 4694
985 2957
354 360
4702 5204
5076 5086
3896 3899
1134 3435
734 2494
1788 1790
3192 5286
185 202
2930 2942
5470 7260
5988 5991
5179 5975
2911 3013
3365 3373
551 553
1132 7126
557 692
490 4309
2403 6269
3704 3711
5791 5815
6782 6784
6526 6527
556 558
1831 5494
127 3885
5184 5232
561 563
847 850
4188 4729
3788 3790
1189 2431
6789 6901
3921 3926
7057 7059
2679 2682
6341 6522
183 185
1270 1317
3012 4201
1051 6106
2783 4738
1046 1868
1542 6118
1870 1877
3580 3582
1493 1780
2415 5924
701 1942
138 5403
4128 4132
36 5716
5032 5059
141 4671
3513 3515
558 1135
3590 5640
2731 5255
1303 4726
5983 5986
6794 6901
3682 5764
28 2216
80 1804
1259 3583
4310 6068
6568 6623
3943 4653
4276 6925
3000 3014
2742 5266
2575 7190
1619 7051
1744 3476
5541 5543
2602 2953
5293 6349
5184 5185
1828 2062
1277 5653
3511 6844
6619 6622
7105 7109
2509 2514
916 4077
1671 1683
2499 3046
1461 5190
6358 6472
788 2755
2071 5511
311 2547
2463 2467
6081 6254
5993 6968
2745 2929
7238 7259
4239 6733
1370 5737
35 3414
1693 4653
912 7244
2246 2576
3553 3555
378 5097
4631 4633
4649 4668
6905 6908
2205 2208
48 1625
2663 2965
2651 2916
4772 7201
4398 4409
2953 4175
17 3943
2854 3655
1398 7130
5034 5042
2459 6174
6547 6561
6175 6261
3981 6135
3759 3769
1727 4359
4715 4760
2880 2881
1101 1265
4819 4874
3024 3026
1579 2294
2881 2930
900 2777
694 697
392 1107
3613 3618
2342 3386
2864 3706
49 51
1034 1801
5131 5811
1277 7169
2718 2723
732 3750
962 7161
1068 1070
966 986
172 947
1993 4900
2699 2743
1076 1094
6554 6555
2354 6145
7163 7270
3624 3633
3535 3605
854 896
1473 5368
5044 5176
4036 5439
17 4628
6555 6668
2529 2546
3028 3031
2903 2904
1142 2270
171 7102
402 6226
4462 4498
2904 2905
883 1912
935 1003
5184 5194
2721 5911
3028 3059
1704 3299
86 1525
3448 3568
5289 5293
4967 5020
310 337
737 767
3711 3719
1554 3963
4329 6313
1346 1353
4953 4966
6275 6307
5305 5311
4852 4866
6229 6607
6864 6868
957 6830
6675 6682
2907 2913
615 5311
112 4034
5534 6921
6559 6850
2660 2666
738 2432
1947 1950
7248 7275
5278 5311
133 4340
6691 6706
3414 3417
138 1032
4630 4631
222 5849
5414 6819
4445 4452
5289 5296
4049 4050
820 822
1245 1295
4050 4051
1583 2918
4051 4052
2355 2392
15 6681
5319 5323
5029 5048
2295 3106
6578 6596
732 1951
4056 4057
5322 5326
2195 2454
5323 5325
4585 4605
6723 6728
2173 5006
883 4597
1567 1588
4061 5081
1554 4104
1480 6002
808 5279
4389 6315
6948 7063
851 6497
5037 5040
716 1092
7164 7183
4067 4068
2090 4157
1861 4959
4176 4948
2766 2789
4070 4071
1672 2350
2227 2233
4316 5193
6201 7003
3024 3488
766 3384
4167 7070
3897 3984
960 4142
4032 4111
3750 3754
2783 7095
7206 7210
1313 1473
884 4692
1194 4546
3667 3764
1978 1987
5571 5572
4635 4868
1827 3107
716 4956
6096 6312
635 1198
3092 3099
4746 4801
3381 3415
2115 2129
4145 4150
5536 6650
203 5383
815 823
2349 2395
2495 2498
564 3502
5038 6955
6 8
4859 4924
2268 3857
4620 5364
2743 6903
620 1884
4020 4165
5356 5370
4088 4106
2006 2843
904 957
4128 4136
2047 2824
246 258
6178 6183
663 696
1480 2229
5897 7258
6848 6963
1347 1520
4889 7112
3497 5631
3121 5730
3055 3058
2154 2863
2018 4216
5913 5914
4633 5355
273 6979
3068 3144
4317 4520
270 2673
1757 1760
1496 2801
6742 6758
45 53
777 2600
2579 2842
4670 5473
352 404
414 939
1603 2447
5860 6510
3092 3105
886 5618
754 1584
3598 5169
1234 1235
3098 3099
4140 4141
427 1315
712 2171
64 2526
1094 4707
1602 1674
1236 3635
4220 4232
6976 7110
3541 3546
5189 5210
3369 3618
3931 6083
6197 7217
410 4206
7084 7087
435 6903
365 4638
6798 7259
4850 5586
2265 2266
1297 1300
377 6109
1374 4622
3810 4104
2958 2973
474 4331
2859 5584
2720 2753
2644 3457
6313 6315
4044 5239
3134 3241
4669 4689
6849 6851
66 84
1613 1678
5420 5422
2134 2151
1336 1341
4175 4181
6339 6493
3378 4818
3029 3033
147 179
4175 6059
63 443
5412 5413
4171 4175
7213 7214
6867 6873
4504 5475
4417 4425
4716 6758
1777 6894
7 6636
3804 3831
883 3294
2007 2892
1486 2033
3849 5472
788 4598
4490 4511
704 4530
1524 2320
2394 2700
3150 5125
3551 3561
6213 6253
275 306
5884 6951
5424 5983
2569 2571
1728 5787
1970 1978
590 594
5338 5350
1287 4802
2051 2055
685 694
262 2825
5040 5091
2921 2935
5227 5233
3340 5091
2221 5404
4565 4582
1607 6712
29 4192
4627 4653
1319 1867
846 1625
3167 3170
2387 5542
1174 1608
793 4508
3778 3895
4203 6814
2383 7227
42 1401
2200 4459
3023 3037
1267 3587
1737 5051
1825 1872
120 1213
898 1649
5254 5264
1360 6262
207 215
7092 7093
1741 2574
947 3679
3258 4101
685 826
6608 6609
1404 1408
151 4319
2812 4866
3151 3161
1546 3420
421 6094
1310 2689
2197 3156
4993 6876
6384 6622
341 376
3115 3172
6129 6139
1657 3207
1365 2144
6211 6342
2668 4602
290 332
3992 4296
3763 4105
332 335
1472 1509
940 4732
2257 2261
310 6916
4254 4255
3367 5035
172 940
1204 2403
6032 6624
594 622
4852 4858
5437 5446
539 6574
1267 3471
5367 6733
860 1918
1215 1228
5377 5446
5420 5451
1052 1054
2687 3958
6031 6052
2446 7209
1813 4482
5078 6331
4056 4258
2696 6131
6045 6049
3886 3891
5659 6158
1274 1285
5934 6636
3958 4639
1394 5950
4405 4409
182 195
4285 4353
5899 6312
943 1379
4370 4376
717 2262
343 6916
3060 3071
3409 3412
6334 6350
5529 5538
5470 5476
762 1804
5165 5167
4245 4281
5750 5823
6217 6219
6289 6518
2663 2938
848 3916
5245 5592
712 1975
789 6940
3559 3563
4376 5009
4239 5443
3946 4036
591 681
1980 1998
4417 4428
1870 2700
2761 2804
1516 6637
1598 1832
2607 2617
50 2443
3212 3567
2202 6983
1345 2027
3475 3860
6995 7044
1960 6297
6514 6519
5797 5816
2834 2873
894 5906
5776 5780
5769 5775
5608 5617
1138 5987
6255 6429
3664 3666
6884 6886
6292 6491
292 3074
6521 6677
3261 3276
3649 5093
3563 3570
3418 3425
5769 5792
3663 3668
1494 1504
3374 3377
1573 3702
725 804
3773 6742
6485 6511
5434 6685
122 5240
5566 5625
6910 6919
6292 6394
1802 1919
3673 3676
838 5903
459 597
633 654
1036 6129
492 805
3405 4830
6494 6505
633 1491
599 2931
96 99
911 3763
4 9
100 103
5111 6879
888 1736
1342 5797
3581 3585
4341 4343
2224 6893
5593 5660
3931 6411
2753 2760
1851 4585
1374 6745
6451 6483
4592 4836
2643 6136
1892 6271
4155 4195
7125 7128
6458 6494
2073 2074
1822 5831
1839 1955
464 470
7243 7244
744 2744
1304 5852
3535 4299
2497 7014
5597 5623
3946 5889
6800 6812
419 4586
1139 5653
3154 3207
2859 4801
3175 4253
4545 4557
5799 5851
2386 5953
1313 2371
1739 3713
3806 3808
134 3867
1716 1889
4325 5566
1699 1773
1383 3384
3973 4982
1022 5268
1573 6776
1799 4393
1607 6739
7230 7231
1637 6538
509 2885
3569 3588
3369 3370
1533 2618
3404 3408
6645 6929
4693 4694
3548 3553
3482 4316
435 2006
50 2161
3658 3661
1843 4555
3408 3415
5614 5636
2036 6962
2691 5393
1663 5864
1530 6750
4252 4254
999 1154
5163 5167
6073 6967
1768 1822
1265 1268
4125 5861
1840 1842
5639 5647
2125 2138
3366 3369
900 2798
3211 3339
1034 4660
4327 4520
5690 7168
2654 2834
3456 5220
2161 4416
2646 2648
5618 5665
3792 3834
3892 6833
904 1012
1475 3088
3616 3906
2190 2228
777 786
4697 6547
2564 2575
3706 3871
110 3799
4112 4116
1188 6193
2602 3249
5402 5405
1984 2255
785 820
6872 6875
454 5151
320 423
1019 5901
1138 2593
1597 3779
1089 1799
1183 3796
4066 5377
285 304
5489 5502
3341 3343
2194 4904
3099 3125
1473 1993
5246 7227
1605 2084
1621 3175
3460 3744
6459 7176
369 379
202 2501
3222 3238
2459 5093
2330 7000
1313 1489
2342 2362
5034 5050
7117 7173
1764 3003
558 560
277 5411
2129 6451
3525 3532
6727 6729
2624 2634
1238 1246
663 6892
1019 5828
2702 2735
1015 4567
328 1320
1632 1652
805 1438
1678 6920
5236 6904
1107 1130
3250 3263
1981 4460
3226 3248
405 406
6052 6054
3085 3088
1689 4743
1924 4863
3094 3106
5139 5150
4394 4423
4572 4594
675 1125
949 2596
1302 2620
1991 5809
1805 3112
1847 2775
1541 1552
69 4615
1655 2730
5538 5550
1402 1461
4476 4477
773 2592
3086 3616
4699 5624
4477 4478
91 3865
219 5910
1167 4705
1649 2747
6687 6959
2368 6836
4037 5750
3054 3071
688 2565
3002 3928
1122 5024
248 803
5260 5271
6854 6855
2715 2721
3144 3270
5462 7231
3273 3290
3258 7093
2789 4252
1507 4453
548 2269
223 3742
6 3214
521 1380
2161 4449
331 1407
406 411
1268 5063
5712 5735
2854 6937
787 3568
1860 3180
2848 2853
4309 4310
837 846
4371 4632
1138 3301
6428 6441
2667 6491
7161 7244
6332 6767
5568 5762
4871 5575
6873 7034
6691 6692
310 709
1527 6291
4578 4591
486 1866
4196 5788
988 6525
3669 5198
2659 2661
2749 7151
1617 4669
6908 6910
4014 4017
156 1102
1624 2519
2092 2105
1113 4919
6406 6633
529 636
1510 2985
2761 3204
571 595
2661 2663
998 4721
481 6553
459 577
6786 6816
2205 4904
37 2666
1230 2519
2504 2550
692 865
68 198
3939 3957
814 824
6105 6150
1593 5991
1472 5749
2785 2991
1188 1455
1037 2547
3184 3191
2691 2698
5347 5351
3662 3904
1240 6667
606 627
6237 6473
6698 6852
434 728
2103 2105
3164 3264
5163 5182
982 1067
1054 6477
3561 3562
29 4293
492 1407
721 2225
5621 6786
1545 1547
1598 1602
4875 4880
552 1132
163 424
2455 4452
450 827
4909 5341
4079 4209
39 2356
1590 5267
5550 5571
6948 6953
4300 4303
1862 7191
3838 3983
6714 6992
635 849
335 339
6460 6686
425 6860
428 5045
3466 5659
1132 2876
401 404
4754 4844
726 1484
966 1323
2894 5776
985 989
1413 5375
63 445
3607 3933
5561 5595
3680 6084
925 7116
738 4513
3934 3952
2771 2793
6304 6409
7251 7262
3351 6815
5830 5834
897 3625
5729 5733
838 847
5749 5822
5122 5126
76 86
857 2946
1549 3080
6504 6509
1738 6556
1011 1415
137 4359
3079 3095
4162 4262
5321 5371
2307 4779
1412 1448
3614 3629
1643 5528
1021 1023
959 1300
1732 1736
2379 3039
2595 2603
6867 6888
184 6311
72 77
3834 3909
2795 2857
5165 5182
5104 5108
1443 1451
4601 4602
937 6144
6705 6872
1255 5215
523 604
1751 4490
2618 2623
2129 6614
1146 1217
836 6897
2655 2907
604 1456
869 1491
969 1088
1764 4567
202 2516
499 501
3353 5159
1338 6292
1629 1631
1663 6577
3756 5449
3084 4677
894 5883
3614 3615
2568 4282
756 1149
346 805
16 805
1298 4404
6733 6864
1787 2375
2760 2825
5315 5316
3714 3724
1241 2392
5811 6318
5994 6622
1548 1594
227 3149
7190 7211
655 659
7052 7053
1383 1386
5069 5074
444 565
2935 3007
5451 6398
116 118
1059 1084
2730 2758
759 770
3844 3847
6711 6722
3127 3131
1184 1188
1262 2824
2709 2715
4642 4643
5765 5767
6195 6213
93 105
787 843
4166 7203
735 5098
3382 7033
6515 6731
4647 4651
3663 3670
538 4332
1678 1680
2087 6889
4580 7158
4651 4652
4651 4668
1284 3475
4652 4659
174 187
1890 1894
5456 7048
4654 4751
7249 7257
4656 4657
4656 4752
4657 4695
1635 1637
3705 3709
929 942
5465 5495
4363 4586
1 5
45 1172
4384 4910
2767 2774
3709 3890
558 1721
4846 4855
4665 4666
994 1444
1998 2024
2454 3075
3734 3919
6086 6122
4915 5450
2279 2973
3729 3730
3730 3734
5705 7004
2440 5671
3269 3321
5219 5463
538 4328
6452 6807
6215 6222
1760 1762
5281 6754
19 4141
2648 2914
3608 4014
154 3471
1605 3555
1500 5949
3738 5021
3017 6928
6707 6727
15 277
249 254
2494 4605
3598 3605
6513 6585
3421 4389
475 792
539 6572
5995 7272
303 4364
1667 2183
1410 6722
4695 4774
1924 2525
2702 2737
180 6339
4696 4774
6831 7044
3538 3772
730 2025
5621 5632
161 2832
864 867
5983 6065
3083 3092
1526 3208
4703 4773
3139 4412
901 6230
144 2754
757 759
3497 3551
4074 4076
1563 6266
1849 3203
594 656
5136 5169
2848 3000
4176 4308
2367 3846
2157 6752
7090 7181
127 141
815 6551
5379 6364
5355 5417
899 1049
3357 3646
96 103
1871 1876
4044 5218
471 483
33 70
360 383
4072 4551
4406 4422
1845 1847
99 100
952 1307
3780 3781
2173 2174
1051 6131
4060 4069
5233 5592
1248 4395
6136 6674
2755 4565
6352 6773
4193 4361
2771 3077
163 2573
2838 3166
6104 6106
1740 1767
127 2276
6018 6024
60 7035
5676 5702
6435 6581
57 178
1446 2576
5307 6357
1879 1882
1327 4733
2179 2181
2957 2958
163 432
1716 1886
4950 5693
2961 3435
3787 3937
417 910
5051 6968
4032 4043
63 5290
2054 2835
4897 5313
1360 6261
1889 1893
6320 6986
4750 6225
5217 7265
35 4969
6890 6895
3134 3137
4707 4714
2432 6036
4736 6597
401 1903
4756 4759
1542 5061
490 4341
2668 2672
4150 4179
4948 7013
227 1263
2503 2506
4762 4764
4763 4764
2370 2781
2047 2068
4534 4540
3316 4764
3773 6768
4768 4769
610 641
5294 5329
4769 5582
2523 2590
2858 2862
3858 4184
1175 2787
4773 4774
55 5784
4775 4776
4776 4778
4776 4781
4777 4778
3479 6843
6890 6922
5414 5418
4767 6334
1667 2315
4781 4783
4782 4783
1214 6119
2889 4580
4783 4784
1805 1808
1347 7236
3375 3894
845 7059
3845 3850
564 572
909 7064
1048 5769
1109 1113
91 3861
5354 5356
2873 2932
4652 4654
5089 5155
3363 3420
1012 1016
3900 3984
3487 6706
5274 5276
3631 3641
3689 7264
6777 6778
4796 4797
354 366
3665 3979
3886 5730
3351 6759
3862 3873
3862 3875
5859 6508
4799 4804
4727 6934
1951 1957
3532 3650
3138 3140
3890 3902
2712 2768
2479 2487
4804 4805
6929 6935
1341 5285
5475 5498
6808 6831
1481 4211
6752 6817
4950 4954
2346 3426
5591 6028
5121 6572
2562 2582
3014 3015
6902 6905
5453 6359
1860 5702
2103 4682
245 5389
1838 5737
1531 5914
1476 2139
3730 3902
537 650
6716 6718
121 142
1445 1463
5964 6153
4478 5767
6840 6842
6966 6972
3564 3578
907 2185
2000 2003
575 650
3919 4133
1787 1809
3672 5225
4493 6204
963 965
1508 1511
1700 4513
1921 1930
5053 6324
2771 6946
2324 2339
4272 4275
3381 3595
4967 5009
447 885
5322 5357
2357 2464
3933 3937
699 5055
1146 2191
1307 1996
4751 4752
4118 4159
3940 3944
592 6750
3351 6754
4644 4849
6953 6955
3495 6845
595 612
1897 2209
2045 2047
955 5112
3018 3067
6713 7166
2526 2601
2506 5243
2264 2291
4858 4859
1680 1691
6687 6935
1130 1826
2135 2139
1182 1186
729 3247
3316 4768
6241 6244
1525 4480
4339 4561
939 1710
450 690
3571 3573
1206 6869
1420 6962
3616 3809
4139 4145
2926 2934
5901 6460
4545 4552
787 3024
1602 6133
957 6354
4598 4601
5042 5050
3906 5158
3854 4357
3528 3629
1169 6311
6627 6630
1075 3109
5009 5020
458 486
2872 2906
5264 6816
4509 5474
766 4433
3119 3146
192 201
2099 2101
533 597
3587 4807
5488 5493
2534 5273
1509 1515
2945 2955
2837 4534
3439 4125
4618 4821
3473 5711
7096 7099
2411 3690
1618 1650
2828 3195
3229 3787
4234 5100
5081 5085
781 784
36 5759
2942 6203
6216 6240
3789 4137
5925 6655
870 1622
57 2481
149 4949
2124 4144
904 1496
368 6168
329 331
4589 4612
331 336
752 1833
5854 5856
5372 5406
184 5691
247 2690
3803 5250
2145 2311
533 572
33 5267
11 305
911 4513
417 4886
591 664
4287 4394
4189 4193
7087 7089
6926 6995
3171 3234
1619 2749
2175 2179
2176 5341
1843 6281
33 5763
2661 3334
2129 2130
1361 4433
316 2065
376 434
256 287
4932 4933
1840 1845
4932 4935
2213 3243
7129 7153
1912 1914
2112 4727
1660 3324
3991 5889
384 3864
2848 2997
3641 5900
3948 3980
1506 4579
4519 4626
974 1258
2878 2888
4131 6210
1986 2842
4945 4969
7073 7195
3528 3533
3209 5010
2206 5941
3281 5829
2416 2420
1268 4738
2230 2233
4731 4738
609 6774
736 764
695 4074
1282 4998
1313 1476
2588 5190
1725 5587
2243 2263
4413 4415
2268 2271
491 596
2598 5530
1286 3543
1286 4971
3781 4133
6794 6798
3421 4185
3341 4965
4970 4971
4330 4359
991 1281
59 3182
2774 2794
4582 4587
1035 6833
13 14
3466 5681
1202 1411
25 45
2038 6194
147 6073
6367 6390
2734 2753
5405 5407
4402 6035
168 4492
3027 4076
2368 2990
2665 2670
1819 4122
1593 6045
25 40
3964 3978
2597 2599
2670 3665
2318 2322
1307 1989
3437 3440
1113 2187
1086 1192
4609 4611
2333 4956
819 1029
4419 4426
3383 3505
6645 6676
6826 6827
182 294
933 1774
2100 2112
5000 5001
5498 5500
5001 5002
2408 2411
499 544
5002 5010
1774 5576
4316 5044
3617 3620
5003 5055
4726 4819
5000 5003
184 5670
2585 6030
5500 5501
2242 2364
3755 3759
284 288
1916 4968
6407 6420
4943 4946
3020 3023
5294 5821
5015 5048
6217 6227
2112 4755
3061 5054
782 795
2597 2609
4158 4187
2419 2427
934 935
906 3769
2075 2081
72 75
2137 4986
1460 1463
1039 1741
3695 3714
2146 6180
1689 1941
805 4757
1453 4462
1535 5881
2167 2228
5914 5918
742 4733
3860 3866
6992 7001
3415 5169
3027 4078
49 5712
4660 6726
102 390
6984 7094
313 6288
4009 5785
6835 6838
2178 6352
5507 6128
4708 6768
2187 2188
5042 5043
6057 6812
4754 5217
2739 5729
1773 2064
4944 7204
4369 5491
5046 5047
2605 6383
5783 5795
660 6832
3311 5017
326 5215
4066 5186
2434 4152
865 7213
2020 2028
927 4726
1679 1737
6945 7060
5228 5261
2000 2022
277 3751
3423 3426
1852 1897
2185 6010
3532 3586
3179 7194
2813 2875
5224 6018
6169 6195
786 3501
5340 6058
3405 4554
5024 5033
3760 3762
1431 5833
5929 5931
1227 2461
3172 3304
671 6987
1560 3899
1591 1969
425 451
221 1167
5074 5075
5074 6626
2852 6695
54 6602
4006 5153
1602 5489
549 3490
888 890
3724 3811
6014 6019
3990 3996
2320 4296
1101 1268
1356 3194
6818 6825
5083 5084
1892 5334
4247 4252
2435 5671
6844 6845
4259 5745
5649 5655
5985 5999
3940 4299
575 589
3440 3444
303 5508
2312 5161
828 850
2215 2218
3989 3992
1634 3062
2630 2639
5096 5097
5096 5108
3736 3874
3762 7121
2798 4529
2690 4608
3612 3646
6093 6095
1027 6671
2878 7075
156 2557
5530 5532
7190 7197
915 5273
6942 6946
848 3901
4817 4835
2219 2226
6687 6755
1054 6102
5108 5113
6851 6852
6728 6733
1103 3886
757 5983
1239 5237
5301 5313
1828 2477
1260 1799
3693 5282
899 6236
5767 5774
1558 1567
2712 2763
5117 5118
5606 5716
2536 2544
3377 3420
3515 5611
3381 3533
892 3097
3014 6584
19 2434
6784 6787
5155 5743
519 1436
3234 4098
2077 3421
3435 4759
2548 6828
1486 1489
1043 5053
3917 3932
223 1772
7075 7160
6950 6952
2156 4349
1516 1518
6633 6858
842 7059
6430 6714
892 3179
736 813
1165 6897
1259 1362
1630 3324
2474 6785
1261 6845
5138 5139
1884 1885
1341 2803
3225 3237
5271 5302
2183 3404
5698 6289
3681 3758
5143 5148
355 6292
1645 2971
5145 5146
6958 6963
594 827
5147 5148
3734 3743
4061 7113
79 84
5149 5150
973 6402
571 3148
481 783
5235 5240
3326 6171
6804 6808
6633 6643
2651 2653
2745 2812
5280 6113
1630 1666
1057 6863
3579 3603
3239 3246
712 5969
3117 3146
2337 2964
692 914
5161 5162
5161 5163
1358 1361
4411 4416
3179 6375
1321 5811
1066 2213
3483 7036
1952 2840
7133 7143
5067 5069
7031 7187
4411 4448
6499 6725
6709 6715
1653 4974
6197 6202
2527 4944
173 2752
4913 4918
1188 6386
2261 2277
7219 7226
78 5774
655 6774
4420 5229
4794 4828
915 918
5182 5183
5183 5187
5183 5188
3157 3968
895 897
2106 3104
390 412
116 6721
1687 5615
5189 5201
4600 4614
2310 2313
1089 1794
4160 4163
4458 4459
6259 6261
2107 2144
1962 4546
340 1424
4974 4976
6558 6583
1443 1457
716 5160
4169 4355
213 216
4748 4750
6338 6352
4472 4473
2438 4508
779 1355
7097 7162
3057 3070
3095 4938
1319 6170
3105 3110
3581 3642
415 2911
2828 2838
6682 7253
3434 4172
465 4352
4193 4200
3185 3404
6112 6114
3091 3093
456 6878
1043 5082
2312 5114
6430 6720
4232 4245
1043 1883
4489 4490
6763 7061
6177 6191
693 3399
2313 2321
6883 6884
3495 6849
234 252
2320 4946
2346 4554
2044 6764
3495 6851
3468 6888
5025 5566
613 1913
5235 6345
1608 1612
191 209
5797 5805
462 1254
480 3958
4766 4814
2071 6679
450 459
141 2724
6647 6652
2264 3129
27 1443
5218 5222
4416 4448
1527 7150
2648 2916
4843 4852
2719 6266
2153 5964
720 4622
2844 2924
7028 7030
1824 7127
546 766
3115 3337
2463 7206
6025 6054
4350 6149
3121 3872
4052 4056
536 5942
4301 6149
3831 5472
3283 3456
1987 4977
3822 3825
3117 6294
189 5858
3948 3964
1729 1731
756 1798
1241 1392
407 567
443 445
748 2634
3387 3921
825 891
2344 2358
2266 7149
4130 4373
519 2177
63 65
2516 5403
41 47
6418 6943
6707 6709
2500 6141
5048 5062
4917 4918
5967 5971
1506 6221
2745 3084
1105 1811
5283 5306
1506 5850
3911 3962
1178 1252
5836 6197
2919 2930
1238 1295
75 77
1975 1992
3604 4024
6500 6508
2928 3735
174 4868
539 545
5296 5297
783 6423
2750 6791
3608 3609
5297 6353
1990 6484
93 96
3259 4447
6816 7196
2831 2841
5304 5305
5304 5319
994 1394
5305 5685
5306 5307
3283 5220
6943 7004
2444 2450
4906 4913
6662 6681
6901 6902
4566 4567
5003 5029
4566 7020
1689 4711
5296 5306
4871 5539
5319 6389
3749 4441
3171 3192
789 4051
3614 3646
1247 1667
703 1241
3719 5388
958 5541
65 445
4709 6575
789 4052
2051 2150
6482 6497
1038 1660
2313 4799
943 1223
3091 6715
5109 6327
1377 6688
941 2714
1005 1154
897 926
3240 7033
12 304
4272 6133
3823 6205
1226 6750
4140 6405
2354 2421
720 723
4973 5527
5008 5530
90 6983
391 786
3396 4957
1998 7208
2225 4425
4512 4549
353 404
1066 1665
5037 5460
5737 5829
6317 6935
2549 2646
1022 3735
1191 4547
1934 6176
897 3889
3497 3509
1324 5557
2273 4410
1899 4790
4825 5559
4469 5906
163 3626
980 6811
2959 6667
6016 6023
4054 6892
2653 2907
3152 5588
3049 4743
2204 6011
671 6654
4575 7261
519 6506
417 2185
2318 2864
1674 1832
4454 6585
3008 3560
727 2223
503 6705
404 1903
1053 6934
2756 6814
1096 5897
66 285
1001 6640
262 2612
1359 5265
137 6587
5935 6679
701 1938
5132 5138
1664 3134
3418 6838
546 4464
1186 5660
2250 2576
4235 4243
9 1649
4419 6550
637 6985
537 6985
1191 6632
1653 4976
2657 2917
2970 3059
3745 4052
3233 3342
17 3567
4190 4383
1245 3564
2047 5455
259 4052
5934 6613
4229 4512
4831 6128
990 2700
5760 7025
3442 5026
509 3430
1851 2702
5106 5681
2049 5591
4312 4948
3489 6648
3367 6253
5399 6242
2793 6942
222 1354
3185 6699
3977 5241
307 1835
1848 5937
1688 4425
4193 4362
4466 5421
705 2086
1879 5998
4500 5421
742 5087
3032 4350
6464 6687
3615 3652
3253 7051
4485 5135
1852 6200
1823 5141
833 5853
110 118
6989 7110
2384 6418
3818 5377
562 3197
531 3826
2402 2406
5583 5649
1305 3081
54 7280
3889 5026
3783 4526
359 6403
5132 6977
4002 5214
345 1222
2110 6837
2877 5241
1714 5646
1478 2413
11 493
2906 5829
1373 3594
920 5581
6604 6941
2008 6753
230 1263
1670 3319
3035 4892
5129 5868
2148 3278
2781 3064
383 1429
4724 5825
764 5176
609 659
5013 6235
3080 3085
3570 3581
1654 7055
6189 6324
4865 6397
811 6966
1139 1277
1211 4571
358 5178
1501 5660
1523 2317
2332 3889
987 5326
5991 6007
3227 5589
2172 2175
4523 7185
85 359
1141 4496
2285 2300
3610 3612
6914 7103
1481 5580
2462 2781
6468 6738
1775 4779
328 2666
5127 5162
782 2893
2496 6151
468 1138
1428 1859
3922 5490
52 2368
1775 4854
3235 5777
1274 5512
2261 2990
733 3318
791 5882
354 3985
429 449
5777 5808
4891 5256
2278 2595
377 6130
324 6288
1415 7164
335 6204
3047 3859
5093 6655
6258 6280
5227 6046
1751 4537
1370 1838
315 1557
4220 4549
646 1057
2783 7097
4288 5399
3430 4368
5951 6496
722 4177
495 3325
4403 5646
762 1923
2711 6780
1447 7132
2915 3599
909 3368
1521 6877
1654 2612
2463 6056
2911 3237
4765 6341
1083 1557
1751 4491
799 4343
170 6194
2704 6985
2686 4205
1696 3689
4430 4584
4731 7097
2553 6789
317 6288
449 3147
3360 4370
991 2009
2040 2812
211 1384
6503 6578
250 6959
1958 1983
5883 5906
6390 6863
1828 6021
3468 6950
101 976
2256 4212
400 2612
1769 3102
4625 6164
1542 1547
4905 6287
2865 4727
4787 5619
5653 5661
508 5211
105 1766
2102 2395
3102 3679
3637 4271
4034 4639
3145 6827
3853 6792
5624 6630
1838 5660
2010 3318
2664 3070
2659 2914
1479 7152
120 423
1765 4704
827 3288
63 5851
1920 1930
1651 2551
126 5240
1301 6510
3040 6331
2065 5829
2422 2680
2539 2798
1017 6828
2567 3284
4247 4851
177 3826
1580 3586
1534 5118
3671 5157
7197 7242
3606 3610
6711 6868
720 1104
4499 6135
2994 2998
2129 6625
3437 3454
1878 3454
1470 5122
1426 3057
2115 6625
265 826
150 3814
940 3135
2019 3162
2521 6905
2106 4533
3168 3186
1262 1676
1500 4946
1205 2721
2443 4448
6702 6982
3473 7037
2094 4393
2447 3106
3238 3383
959 4879
705 877
158 2558
933 6023
3607 5602
3378 4962
1915 4276
1783 6583
348 3023
6296 6301
6180 6992
1285 6589
301 2642
1965 2817
1164 3831
1177 1200
1392 6700
3564 4802
4520 5494
5432 6726
1664 3244
474 919
794 798
2750 6787
6585 6590
2037 4866
273 6970
832 4906
1880 1881
4042 4617
2974 4992
2373 3853
2599 6363
1017 6462
1776 1826
1098 2270
4488 4929
641 1437
176 2763
4438 4439
4059 6983
701 1932
5994 6732
6375 7194
1434 2704
3498 6555
4876 6118
2378 4843
68 2821
2382 7249
5660 5696
458 5839
3554 6640
4797 6280
1686 6889
2928 6948
4356 5779
142 6831
4266 6678
3307 3434
4162 6529
3453 6765
2861 6095
730 4963
3533 3563
4795 5062
2556 7231
1462 5151
327 3394
313 317
5998 6000
5008 5566
1712 1858
1658 1662
1558 4745
4858 4887
1264 4741
2763 2768
4424 5431
2343 6675
2827 4735
777 2592
669 1063
495 5824
1582 3298
825 952
6379 6643
4358 5779
4110 6210
1532 1868
523 1079
1016 1394
457 660
3305 6640
1286 5166
2445 2600
261 1216
1550 1588
1346 2864
3813 6766
315 2720
2322 2864
309 2971
83 6941
2140 7172
381 1866
5173 6996
1688 4417
1065 2547
2746 5285
679 2182
2694 4140
5669 5748
460 1911
6749 6856
16 3081
4292 4405
6109 6659
5791 5905
1931 6506
6263 6880
6184 6189
2549 5071
6519 6578
1850 6526
3068 3184
4648 6681
2656 7135
3275 3405
4244 7150
5044 7037
601 630
3417 3989
3374 6619
2053 2764
76 4480
1273 2669
548 6704
4482 6962
5639 5678
4633 4650
3590 3899
1780 5894
3094 3103
1594 7149
2249 6512
1842 3738
6512 7201
3644 3695
1828 2571
2287 2961
6535 6593
1603 3803
1121 3599
2098 5829
6073 6314
279 4617
4393 4660
1014 3435
6144 6511
848 4447
1129 2640
6633 6857
4712 6572
31 6897
3235 5924
993 1017
6880 7022
80 3689
2501 4073
588 4786
2523 2527
2214 6735
1898 5367
308 2414
1035 6813
891 952
1010 5893
1505 5126
874 4283
1844 5017
6490 6777
6178 6189
1841 5367
680 1296
2876 4609
1323 6596
833 6289
2570 3303
4146 4264
2881 2912
1308 2660
4562 6712
612 3006
3097 4412
2059 7215
1587 5651
5420 5433
2255 4800
290 2532
309 489
443 3325
371 5919
1810 3444
510 636
1194 4188
1720 2823
937 1437
151 4305
879 4198
1336 2776
2519 3308
5143 6595
2137 3175
6495 6715
1536 1541
2621 6976
1574 4467
177 5272
2822 4735
1593 6007
1692 5675
166 5965
188 5556
3489 5111
1400 4211
1675 2321
1024 7269
282 7136
1218 5605
5124 7267
1401 5134
1138 2482
359 6527
2376 6662
1247 3858
1394 5988
353 1702
241 2671
2730 6048
3688 6438
2319 6632
1888 3452
1441 6661
5552 5559
1632 2932
764 1898
3737 4726
3556 6852
1646 2544
2745 4677
392 5789
1063 1088
389 456
1501 5700
2395 3374
3139 3963
1257 1437
1013 4979
3517 3523
267 6794
3743 3900
1375 7134
4997 6118
551 3305
2464 6700
2724 2754
2342 6400
3327 3663
3621 3641
720 911
198 3716
3420 6744
1977 1981
2095 5809
101 960
1264 4826
6588 7184
2731 4280
1282 4995
440 6688
3524 6776
3974 6429
3904 5433
2216 2451
3915 4441
4189 4931
358 5738
1123 1881
3512 3540
2216 2441
4007 7063
14 266
6201 6971
197 321
6468 6736
2011 3094
198 4735
965 976
2762 6801
955 4934
2824 5171
5218 5239
6157 7039
1250 1324
1086 5551
3192 5277
6591 6593
1556 6689
94 3915
4890 4966
3033 3242
908 5382
3356 4495
1869 6728
887 1044
559 1023
1108 2185
6932 6973
20 6344
758 3921
5507 5986
4101 7093
1414 1448
3523 6817
459 594
313 3269
2880 5199
552 1902
943 3330
902 2801
3517 6817
364 6322
5761 6517
1170 7225
2726 6688
2946 2958
1857 6024
274 6798
1835 5897
4284 6618
6891 6892
6352 7067
1282 4436
1467 5127
1554 1560
2996 5272
1404 1672
2727 5080
135 3867
1396 6875
444 517
1568 2461
1038 1047
2626 2978
2482 3183
3969 6135
3044 4046
4092 6853
628 858
825 1006
589 858
3103 6017
791 1307
2522 3127
490 4350
225 231
6057 6749
186 7263
4519 4893
151 419
3423 4554
6157 7009
3645 5401
2659 2909
95 3960
33 2513
2102 2349
6157 6783
1320 2660
2234 3801
323 4099
5258 6621
1432 3602
4579 6221
1641 2379
3211 4883
182 6917
1468 1693
5983 6655
2888 7075
1912 3451
4658 6529
3995 4001
890 1736
1797 3354
1546 3374
4802 7064
1281 5747
1595 2040
1331 6127
1568 5919
3481 3652
177 5269
922 4351
1127 1401
1103 5125
3083 6964
2752 4868
419 4366
1167 1812
2880 6972
4476 5779
2351 2603
5944 6180
4833 6072
3347 3475
551 748
941 1097
7028 7045
226 231
1498 5104
1718 3722
244 4832
3319 3422
387 457
928 5041
1099 1776
542 1437
3463 3550
297 2554
5765 5779
3784 3790
4239 7037
1554 3590
1972 6664
709 6891
6984 7017
2964 5225
6771 6795
1546 2400
4588 4686
747 810
548 2107
873 1618
2548 6596
3477 3678
360 5544
2811 2964
2215 6925
1250 2607
6082 6795
838 1665
925 5120
3991 5439
6462 6514
878 7027
7013 7187
2401 2583
2863 3164
1511 6404
85 6403
2893 4222
195 6941
856 2323
1180 1186
215 6401
3426 5585
587 4887
838 1047
2902 3113
151 152
6848 7110
353 1056
3928 7016
7051 7093
4320 6760
4433 5634
1228 6049
804 6125
1610 5360
2105 4690
443 5851
592 6985
2520 5316
1127 2353
4571 6151
1604 5189
4163 6405
3157 3963
1132 4649
757 5424
4637 5448
542 3826
249 265
224 6311
155 293
5063 7116
2684 5086
3388 5507
1384 6206
3146 4898
1205 2755
1973 5976
864 4542
4800 6664
2 338
5099 5991
1065 4252
1253 3540
6769 6812
952 1304
1999 2137
1211 2715
411 3395
5104 5118
5209 6403
4925 7239
680 1962
3939 7188
2346 5111
1017 6514
3792 4580
526 4410
3108 4888
948 3679
1903 2814
2398 3950
1270 3689
5027 6334
210 7045
1403 1675
4437 6555
1356 1361
1707 4996
1100 2725
2669 6827
5851 6179
717 2151
1239 6046
3727 4580
1020 4756
800 913
4514 5041
4643 4662
6273 7215
3928 4530
78 3763
790 1201
5423 5548
4594 4788
4288 6431
664 2837
152 4295
6693 6713
1245 5846
1652 3821
3386 3520
2201 6772
1810 4509
2800 2935
3391 7196
3728 3762
1603 2947
5458 5991
1237 2630
1965 2821
2739 4325
0 2544
476 2996
1603 2540
460 465
2663 3334
504 1407
5144 6084
33 1589
7080 7153
2007 4369
1439 6792
3950 7065
1130 7168
3977 7095
50 2202
5395 6813
5562 7039
4189 4323
228 5326
1450 3503
207 5556
2710 3188
1556 7044
256 3456
23 6213
1145 3723
4395 6667
2332 5026
451 6912
2511 5864
1060 2733
4503 5475
2137 3151
2958 4752
3513 5611
3044 3993
1733 7015
1204 5714
1514 6404
5093 5925
2400 3420
2057 3618
1141 2827
1660 6527
4599 5207
48 837
4755 6810
82 3106
1482 5664
3800 5240
3349 4376
507 1453
6853 7051
3609 3811
2832 3613
1954 4285
1083 3228
5048 5050
59 5528
6358 7139
2732 4533
3599 4290
373 6659
2486 6639
2898 7071
294 6859
828 1773
6588 6763
1029 4534
753 1833
546 1223
1101 3987
2096 4129
2874 4243
6744 6856
2789 4255
2751 6810
1922 2266
1451 3602
3038 3076
440 2710
433 449
1831 4439
101 1154
560 822
2484 5953
3320 4544
3912 3913
1749 1800
5988 6007
3327 3656
1599 4496
432 2250
5578 6685
657 1493
114 1766
810 3847
1179 7202
903 6619
2931 7010
3573 4627
872 5903
2065 5847
4748 4782
1703 4129
4644 4895
120 567
2568 2978
3508 5991
291 1785
1099 7046
4070 5220
3704 3723
6749 6858
6117 6118
1930 6084
1624 2369
4367 5418
3287 4177
4035 7188
4436 4991
2562 4521
819 4534
751 794
751 5180
872 1348
1579 6559
6401 6407
1524 3317
882 6716
172 1756
261 1206
6749 7081
747 2534
2114 4993
1431 1453
2211 2845
196 4044
3943 4230
2445 3851
5065 5730
2679 5086
5658 5701
1426 7132
685 822
4045 4187
3737 5239
4244 4417
2686 7089
1137 4337
3556 6691
769 1719
628 6750
5424 6138
835 3587
241 2522
1323 6828
3669 5225
23 3326
293 720
563 740
4771 6714
1119 1914
2770 3850
2495 5953
1981 6632
1274 4194
355 1321
2436 5734
1964 1968
4536 5743
5885 5939
34 2212
2401 7221
4511 4537
540 650
976 4142
433 450
1880 6477
2222 4963
5432 6713
1251 2598
3558 4682
160 290
191 4705
143 7250
1951 1961
312 6704
5125 6724
499 609
1498 5917
813 1898
6329 6351
3252 5470
2178 3350
2479 6613
6661 6938
844 6597
1864 5017
2273 2337
13 266
2054 2245
1294 3494
6406 6643
2645 6994
807 6386
4077 6730
5464 6253
3915 4198
3310 3994
2564 2604
4147 6534
3603 3606
3593 3714
3164 4335
706 2714
2062 2569
1930 5144
1410 1434
2127 3599
2385 4209
351 6151
2515 2731
4186 4202
690 5268
581 640
2928 4115
152 4319
1384 5577
6097 6101
3966 4044
262 2615
721 2194
2136 7089
2084 2105
1278 4786
1553 4432
1035 5301
1135 4415
2416 2665
653 6774
1910 2659
482 4027
3820 6403
5890 6418
1201 7012
5720 5861
738 1133
2986 3953
4186 4931
1041 2632
849 1165
2209 6200
2379 5528
1200 6869
830 3936
4131 7217
222 4618
397 3896
379 3571
2716 2718
3271 6877
2525 6286
1647 2431
2550 4410
2293 3995
3833 6378
5234 6098
246 5245
1324 2598
4717 5540
1332 6127
1668 6046
1381 3310
2584 5942
6944 6950
1749 5702
1028 2539
1863 2833
522 527
4384 4427
1301 5838
3339 4877
2693 2731
901 5719
1831 5047
4460 6639
857 2279
1580 3532
1959 4762
4297 6913
2195 2451
687 6835
329 1407
1827 2498
21 4919
6317 6687
1933 3901
1267 3593
149 4519
2616 7221
485 1583
1631 6568
2502 2506
5959 5967
2199 2205
3036 3987
716 3857
3524 6782
4386 5302
945 7202
2775 5637
2439 2449
2042 6893
2383 7221
226 2671
3152 5589
1197 1537
4818 5702
840 6603
1619 6978
2194 2225
3120 6241
3281 7258
1583 6973
125 1032
2604 7242
2305 5404
1459 4832
4279 6551
2310 4509
7134 7144
4930 4953
6762 7084
5726 5860
1673 6734
3487 6692
1928 5323
993 3534
4810 4820
596 683
3556 6698
4257 4461
4920 4977
1223 2107
64 7261
4560 6802
891 1006
92 3110
1420 2017
3029 3151
2810 2859
587 4906
4124 4159
468 521
1535 1541
5957 5967
814 2565
4191 4469
1571 6600
381 1429
3142 4243
1642 4820
398 1187
1855 3440
1536 1883
5492 6986
158 2565
3390 3779
531 5272
1285 4387
3400 3725
768 913
2270 6235
934 4927
503 2704
4253 4785
6011 6177
1616 6023
1247 3121
7030 7039
397 2551
355 5725
6855 6888
176 1460
1002 5256
1479 7180
1244 7040
4027 4263
1790 5561
3480 7058
3045 6658
1758 3298
809 3125
979 2558
295 7183
2316 7101
5643 5842
282 7231
659 6774
840 6899
6378 6522
2072 4123
2400 3374
5019 5050
3 3056
530 1450
4696 4705
4838 5993
2615 4255
0 271
3182 6405
2468 2988
405 6840
1906 7255
615 4524
267 6991
1686 6875
1392 4681
4028 4496
7176 7188
5462 5495
2560 7255
4568 5693
1253 1286
759 6655
1195 2853
5903 6951
3538 5646
2459 5925
2321 4783
6352 6766
4114 4952
5820 5856
2156 3460
1228 6137
4356 4474
4383 4388
2130 6452
1166 3739
1108 1116
1116 4919
3176 5883
3047 5872
236 6636
801 4076
1135 1318
3962 4496
2845 5461
1431 4391
3324 6527
4730 5404
76 1603
1085 1329
1532 4959
6528 6972
1039 4959
201 218
3154 3342
4443 4453
1595 2203
2552 2558
150 1437
6236 7072
641 2632
144 4627
5536 6681
4563 6739
382 1802
3376 4348
3807 7187
2249 3432
1147 2683
2563 6789
3429 3430
1098 5614
5122 6022
2463 6021
5100 5761
507 4148
2277 4291
2168 4029
215 5556
2580 7231
1586 3536
2947 6016
3542 6595
1836 4095
2324 2341
2881 6957
4311 4587
879 7188
4572 4786
1945 5595
1937 4786
327 6704
4111 4882
400 2340
557 7214
1566 6711
688 824
1769 3742
1798 3102
1967 3689
1101 3244
1066 1850
942 2565
173 175
2029 6820
6901 6991
2265 7149
3601 4821
547 603
2454 5751
151 3814
2012 2120
159 3847
2340 7055
5826 5868
618 2647
1910 3334
2713 3553
1467 5118
306 1288
1146 2205
2186 6735
1720 7181
248 785
1747 7115
5316 5403
2647 6714
2609 6298
4227 7115
2711 6854
4563 6716
191 1167
6233 6324
1348 6951
3094 6387
2376 6781
2377 6729
6483 7089
307 3281
4317 4792
2732 4351
2696 2718
1191 2319
514 6076
3508 4346
2097 4820
2509 5675
5160 5309
1920 2643
2751 2762
1934 3162
1084 4547
1947 5844
4524 5290
4720 4873
6297 6354
903 2349
203 5382
686 2672
1900 3886
657 1497
1673 6685
71 5774
2978 3038
695 801
2934 3474
4793 5540
1531 1535
1617 3355
994 1348
3263 3462
2400 6406
2542 6478
3480 3483
5080 5109
955 6918
3498 4467
1255 7118
1916 3294
380 7084
2042 2564
4454 5421
364 1107
2962 7183
3508 6045
1972 6632
2373 3829
432 1446
6501 7144
5119 7140
1954 2242
1688 1982
3531 7220
1001 7220
2212 2353
6744 6800
6783 7039
1332 6234
3732 5348
1362 2338
1905 6235
930 7031
2674 3752
2351 2595
4251 4409
3755 3773
106 3808
2184 2228
3489 6955
6764 7015
352 407
3637 4710
855 4553
4875 5487
2294 4429
109 7281
382 2806
2711 6771
1627 2849
4430 7024
1778 2264
2647 6868
3911 4028
2007 4860
2724 4671
3790 3793
1710 1726
3235 5824
4648 6781
5175 5433
18 5093
1013 3298
2373 3808
1368 3144
235 7185
1423 4664
6257 6425
1122 4999
175 5793
4275 5572
5672 5843
5777 5924
3347 3842
3073 5435
748 6640
2950 3836
277 885
554 683
5367 6728
4277 4557
5434 6693
915 4202
1468 3573
745 6716
6322 6967
1890 5949
1899 4070
4504 4510
319 6878
346 4264
1284 5265
1806 3878
404 866
714 877
5061 6118
211 907
1367 2811
7101 7148
393 1583
5219 6322
1941 4782
3368 6660
59 446
2527 7206
1573 3473
603 3124
125 1741
6446 7040
2532 7172
2688 3241
6667 6738
1395 1870
1350 5285
428 3590
2637 6513
1088 1092
1007 3479
5901 6521
445 449
4407 6404
2490 3209
6321 6338
136 780
5157 6963
1659 5660
2289 5165
1475 3087
710 2714
1632 2873
3638 6963
462 1393
5000 5002
831 5111
4434 4436
5956 5957
2138 4600
5995 7149
2611 4243
1761 6494
761 5257
1202 2154
911 3779
632 7220
3615 3681
6250 6569
6840 6844
1277 1437
2074 3545
1017 3534
2376 6601
166 1882
2498 3107
120 407
2974 4047
177 5273
306 1261
3895 4480
4351 4533
6476 6972
1118 1194
607 866
1265 5730
3105 6957
3500 5255
2783 4731
2891 2916
178 1560
716 5257
4277 4545
6696 6713
2023 7015
3275 3393
3813 7074
2986 3999
1041 5218
2338 6936
379 6048
1103 1900
1548 5651
2551 2589
626 2534
6462 6467
6888 6895
6193 6589
2257 4280
885 5684
2372 6876
2072 4121
2614 6714
2388 4664
1655 2674
6086 6295
604 1092
1648 3319
4702 5260
6978 7051
1856 5848
1222 3704
4951 5856
2904 7095
3951 3993
4398 5740
271 2204
120 320
1208 1555
1920 6136
1836 6587
354 375
2282 7263
6379 6593
1938 3928
5609 7170
2125 4584
3575 5413
723 738
6542 7217
1050 7164
4994 5460
761 4198
2271 2341
4749 6814
2493 4448
3780 3951
215 5572
3420 6818
2962 7164
1319 5659
1372 1463
250 6755
2589 2609
3575 3764
2317 5126
1503 3691
6490 6778
301 5919
2051 2156
847 2801
2754 6048
889 1875
2606 5568
450 5268
312 548
4131 6202
293 489
1227 5919
5099 5458
3894 3907
6334 6365
1499 2795
3400 3405
3008 3548
454 1430
1494 1581
3701 3776
3086 5588
3569 4353
3127 5510
1169 1770
2238 3689
1945 5608
188 1460
4515 6802
2147 3457
1225 2632
3621 6994
2139 2158
2415 4027
1203 2636
1556 6804
2542 7119
4293 4540
3062 5438
7050 7208
1136 4333
6773 7067
1779 2860
2398 7065
795 2893
1604 5195
1393 2090
2219 3594
1494 2985
2095 6988
4202 4323
237 365
1123 6477
3945 3995
3012 5936
6880 7091
487 6696
7025 7038
3229 3535
735 745
16 6239
5972 5984
1381 4015
2446 6820
7182 7184
3610 3646
3176 5906
6560 6614
1040 4369
4025 4199
1440 1862
2 7273
1766 3793
1830 7122
874 3700
6675 6898
1649 2934
6588 7124
4424 5421
791 1304
710 2552
2009 5737
2591 6479
382 6672
1292 4587
3357 3610
3459 5266
1927 5634
161 3604
4466 5860
2575 6820
2343 6898
2254 5352
3140 4921
6848 6989
922 1284
6593 6643
4835 6280
925 1103
2938 2972
4780 5513
5593 5695
4497 5019
6459 6463
3223 3509
1546 3377
3081 4039
2130 6614
1673 6693
1319 3466
2850 3567
5910 6001
1771 4901
3396 6765
3075 5751
429 447
52 6836
87 2176
2083 3439
1447 4261
1655 5774
5546 5562
71 3774
778 2534
2890 4635
584 607
3109 3849
4296 4946
38 6917
800 3847
3438 3451
6326 6595
2938 2956
6170 7168
2403 5695
1031 2814
4379 6344
1424 5544
2169 6452
665 1058
3193 3311
2019 7275
2496 4565
563 597
2727 5089
1966 5787
3943 4627
2744 3683
262 6298
4843 4867
2727 5069
823 837
5131 5725
2811 3672
2946 3836
1583 2719
378 5949
4786 5047
3018 3246
6732 6857
6300 6677
2438 3851
1671 4635
2619 3147
1970 4977
154 1175
756 4615
5543 5549
82 3094
676 6835
5572 6734
827 3550
1104 2340
6321 6677
3831 5631
3463 3564
257 1716
1770 1776
300 2474
1216 2709
4875 5427
2113 5448
42 5134
394 660
1428 2801
1911 6149
2259 4534
5099 5988
1306 2660
4329 4353
1010 5901
1441 2576
2458 6478
3451 3628
2043 7062
6346 6400
5827 6178
1618 3387
1172 5499
1323 6578
2025 2139
1202 2863
4173 4447
860 1939
2323 6772
807 1487
3455 7196
1821 5125
972 1701
2886 7095
7000 7091
931 6926
1743 1757
2171 5006
7014 7017
1527 2266
2060 4747
70 1589
2077 4353
2244 6757
422 1650
180 2473
1959 4761
1956 4763
516 6962
1278 4835
3483 7103
1711 2274
4788 4792
726 2106
2037 4867
312 327
1927 4251
5008 5094
440 6682
1118 4188
4248 4251
2293 6813
2621 6965
4239 5367
5013 5614
2992 5273
1458 4872
2085 2273
5421 6585
550 7215
2409 6770
7108 7162
923 3020
2012 4907
1878 1888
6346 6936
3806 3856
4196 4199
1173 1962
4701 5432
6255 6425
5672 6197
821 6403
5406 5563
2422 4291
2994 3066
4771 7037
155 489
2436 2452
2369 4459
2532 7155
3160 5561
1771 4903
2679 4733
193 555
3971 4202
4925 5695
1520 4954
1169 6314
5491 5607
1722 6723
2061 6174
2703 4518
2942 4009
1468 3571
3057 4261
1550 2097
5789 6986
2611 6376
1992 5022
3243 5100
448 1537
4608 6177
3201 4913
5250 5260
164 174
3615 3667
1420 2056
228 2354
1504 2985
978 7141
5107 6018
1943 5646
1969 3549
4307 5260
446 2408
3989 4943
4311 4565
5131 7235
756 4642
1043 5121
487 6713
3871 4999
3734 3900
1900 5730
1301 6513
6464 6959
1779 4210
80 7264
964 6423
1833 7105
657 1490
211 2180
160 1004
5267 5275
3405 5481
1923 7263
2328 4157
2886 3966
106 3784
5013 5665
3202 5067
3389 3395
4334 4337
5445 6942
4659 4668
1837 5603
1372 5556
3166 3216
4616 5448
2249 3434
1810 5047
1021 4753
279 2041
6873 7271
4951 6866
1853 3738
6954 7104
4717 5535
5222 5239
4894 4909
3076 4107
4724 6866
1854 2478
2905 3987
4944 7206
5317 5322
6800 6856
5176 5441
4302 4383
3447 3452
307 7258
3252 3259
1476 1489
1247 1265
3170 3481
5574 5576
3905 5148
1121 5331
5568 5757
3645 5175
3095 4107
1013 5083
3240 3380
1360 1494
5146 5162
3449 3485
1462 6485
2215 3084
4822 4824
1468 4653
117 4748
6159 6164
1205 4582
1422 2289
1747 2290
2493 4465
2993 3103
1063 1092
142 6861
2278 7227
424 2573
2529 3149
1231 4860
459 827
878 7019
5053 5129
3309 3342
401 1702
1048 5793
2503 2540
1570 6011
2106 4935
6148 6458
5721 6909
2183 3130
3500 5266
2048 4078
5176 5554
6441 6573
3175 3184
1828 2478
2501 4367
2050 5455
679 2193
2364 2582
1982 2181
1784 4009
5482 6290
4049 4078
3359 6594
2425 6713
839 1362
2446 7190
5513 5535
6708 6860
1968 4417
1980 7208
2529 3267
1862 5998
3391 6270
3417 3992
2398 6608
1312 2702
2746 2830
3104 4933
1462 6538
2400 5994
1548 6291
3346 3585
631 5328
1924 3611
3534 6828
4038 5422
1742 7012
2355 6639
5671 6186
2047 5485
5456 7025
2827 4496
3662 5437
4635 4640
1300 6954
2625 3294
2725 4188
3775 5446
5012 7162
1828 2569
387 394
2008 2010
2604 6882
1098 5637
5830 5842
2235 2595
3991 4036
2351 7227
5264 5899
1228 1528
1218 6869
886 5665
3764 5795
1036 4826
1030 1660
1349 1683
1111 3995
1400 4109
7022 7091
1534 5113
271 3057
2188 2552
4975 5166
715 877
4331 4586
2877 7095
1114 1704
3478 6851
1563 2719
4879 6954
3641 4149
2237 2268
2361 2817
94 5709
3154 6741
4475 4605
296 4558
2203 2241
2884 5207
327 6288
4440 4929
1305 4039
1818 6056
1050 2962
1277 5664
1618 3994
5802 5807
4519 4966
2513 5267
1272 3732
4702 5271
986 6578
1858 7191
4156 4361
507 1431
3645 4083
1016 5950
3388 6128
3188 6675
5520 5644
2463 6030
580 1675
301 1227
290 7163
4960 6434
2613 5551
2137 3023
4717 5559
1566 6722
2024 6981
