1425
12
0 490 334 971 1076 562 439 240 34 148 833 323
2020
0 1
823 1087
8 9
1 2
1 539
2 3
3 4
101 111
5 6
258 322
325 326
119 549
6 7
845 1168
8 113
224 226
9 10
10 11
71 1050
752 759
192 201
939 950
66 74
14 30
313 314
550 692
95 1247
17 18
203 987
17 113
463 603
524 527
345 365
52 57
27 953
986 1215
476 1397
24 25
24 26
24 27
25 1335
27 28
28 29
609 1386
29 183
29 184
30 31
1152 1339
683 1398
850 894
719 769
283 284
276 278
407 409
34 410
246 376
1284 1287
37 38
37 791
38 39
39 40
591 1076
712 784
88 679
320 790
232 266
1037 1039
108 985
42 257
1080 1304
1062 1116
537 778
41 725
932 936
234 236
47 48
48 184
1231 1267
51 185
213 216
312 835
50 51
983 1079
221 973
1081 1083
378 380
859 862
420 422
1191 1192
21 32
1255 1256
854 902
647 845
191 334
59 62
206 959
60 713
1210 1211
1096 1159
62 67
1065 1070
199 758
64 65
324 332
413 820
66 945
460 473
577 581
69 70
58 75
368 370
70 71
71 72
1151 1213
72 73
587 608
5 177
730 1180
803 926
1227 1228
931 952
79 778
79 1261
308 706
758 984
418 471
1232 1244
210 217
85 86
85 824
85 1262
86 87
86 1047
87 88
166 996
89 90
502 506
698 785
1207 1413
90 91
91 92
172 424
336 355
237 875
159 971
190 988
804 1006
1161 1212
95 792
95 814
1306 1314
97 98
504 682
618 660
1371 1374
815 887
1215 1216
423 425
594 1024
833 1035
1257 1258
108 820
527 541
882 1382
1110 1189
438 1315
599 602
191 212
760 764
111 1116
912 1108
1332 1360
1127 1132
182 976
101 444
843 867
116 1238
1282 1283
117 118
117 134
1388 1393
1032 1084
1206 1234
119 516
982 1008
702 708
43 82
567 586
109 331
123 124
749 786
124 125
125 126
550 693
605 770
254 255
598 663
310 311
319 320
1303 1334
131 132
517 518
62 73
1290 1306
260 261
190 753
975 1061
372 1378
335 1003
981 1076
112 331
139 1229
563 734
335 1000
140 503
1173 1198
434 1358
142 143
349 861
143 144
143 963
144 145
1226 1236
318 1062
145 146
146 147
582 590
147 148
148 149
1314 1327
259 275
1288 1294
1292 1330
152 153
524 574
1321 1328
1292 1315
140 247
140 723
155 156
997 998
74 362
535 537
158 159
1297 1298
1003 1030
164 181
405 416
495 498
906 909
1297 1330
282 289
1298 1299
958 965
1000 1030
681 890
1298 1303
1299 1300
1317 1318
1175 1392
1309 1330
269 1218
1123 1391
1299 1334
1194 1232
1001 1364
547 601
65 935
1260 1286
449 1360
14 16
169 173
1037 1042
1328 1370
1038 1106
177 178
88 116
179 180
179 793
120 135
108 814
718 721
549 882
1005 1137
216 851
184 185
0 380
517 522
614 1052
106 444
1275 1301
57 618
188 1033
623 707
1278 1321
190 993
89 102
780 1157
1255 1263
545 1160
586 1098
636 724
357 360
76 1326
1331 1334
28 1313
501 591
1192 1203
1381 1410
196 197
197 198
948 1002
153 1235
198 291
922 925
199 984
282 285
456 1419
329 345
567 862
972 1236
202 203
202 794
323 325
66 82
524 567
515 708
207 208
30 1259
1048 1051
208 639
1088 1367
1178 1181
1178 1193
421 558
180 1198
21 23
1394 1396
379 389
577 908
1066 1068
253 779
1178 1234
1015 1016
628 690
494 505
1181 1182
1117 1124
305 317
980 1055
212 215
223 224
843 1065
228 229
228 625
312 1143
123 132
229 230
98 111
230 231
814 1222
747 752
362 375
569 971
77 929
1294 1296
246 397
817 839
236 1161
1300 1333
335 743
239 240
239 242
816 820
357 959
747 759
302 1097
244 245
110 299
1259 1375
988 1251
469 1179
502 1320
4 6
251 252
253 254
443 774
168 1276
255 256
349 354
490 492
261 262
345 373
264 265
748 1187
267 268
268 269
96 1185
270 271
270 281
271 272
271 1170
272 273
273 274
828 1089
746 808
212 720
1147 1341
278 279
279 562
280 281
1074 1270
280 1105
1332 1345
282 283
282 287
295 850
283 1165
283 1166
285 286
1031 1258
285 290
285 291
286 1164
287 943
653 658
289 290
289 869
290 292
291 292
292 1356
1320 1322
396 409
20 32
1026 1028
296 1285
503 730
940 941
463 611
203 205
300 301
31 1375
1404 1409
301 321
301 302
303 1183
605 990
693 695
486 762
892 1237
303 722
303 893
547 595
131 1032
504 1081
811 1419
853 856
69 1370
1076 1318
623 624
1007 1414
764 765
993 1033
1042 1105
311 312
299 304
169 1224
334 942
1157 1354
802 1236
96 305
394 451
315 316
896 1056
316 317
437 439
317 829
1007 1220
856 857
249 258
1064 1094
320 321
200 984
1164 1165
404 406
1018 1029
459 461
871 895
1358 1363
940 1009
1023 1027
746 750
216 1379
160 892
114 120
451 1101
216 491
334 1255
1109 1111
150 429
74 1346
375 1179
479 480
151 1144
338 339
1255 1265
339 1217
340 341
322 333
214 227
343 344
626 1052
879 884
887 888
350 351
350 358
351 352
1204 1239
227 233
14 1131
354 885
356 357
233 235
356 359
856 1049
358 359
358 799
359 360
359 797
248 259
1077 1298
1276 1316
201 741
1241 1243
452 453
275 277
172 217
277 293
102 1277
370 371
371 372
371 960
118 134
1097 1285
122 127
374 1141
697 1045
638 1228
1252 1253
381 382
490 893
1261 1262
384 385
1162 1355
463 1312
1338 1351
410 1238
1209 1230
1099 1107
392 393
493 547
900 940
280 1034
600 1405
1265 1266
478 499
374 1369
1266 1291
787 1190
48 361
284 1018
1271 1273
528 530
1271 1281
411 412
639 650
68 845
414 415
62 64
444 814
894 906
787 915
419 420
1347 1363
427 799
422 423
1222 1372
905 1191
425 426
231 234
871 1115
349 356
110 115
809 824
682 683
470 887
540 853
540 542
355 614
501 841
932 937
126 454
477 994
756 760
740 742
660 674
445 446
140 142
688 999
452 1358
1291 1302
450 962
1293 1295
453 454
213 847
1145 1323
1014 1015
457 458
458 459
41 54
1392 1394
311 687
1147 1351
34 588
297 309
831 1294
153 155
839 844
375 390
739 838
117 478
980 981
892 896
42 44
21 766
1157 1368
1124 1231
607 617
1114 1121
119 1382
685 700
1402 1406
103 1116
1091 1093
923 961
587 1199
5 111
679 826
679 828
1049 1061
1183 1184
316 1400
488 489
245 247
519 532
490 550
577 903
492 493
492 559
1179 1350
819 1006
495 496
728 1105
1310 1321
496 1089
1255 1291
940 1010
311 1143
538 620
587 1225
611 1317
450 452
215 720
656 657
1157 1174
0 1079
919 920
237 848
1246 1382
6 582
40 1122
1104 1117
1032 1046
517 810
518 519
121 1077
119 121
257 754
383 545
669 766
525 526
1396 1397
107 109
596 998
148 221
532 533
611 1311
534 535
296 1097
1040 1203
709 710
347 349
659 664
194 196
801 803
794 1193
1322 1324
806 837
694 696
972 989
12 618
1264 1269
1172 1274
28 953
546 1080
1136 1233
686 691
336 440
1136 1162
689 713
109 1131
1040 1096
573 607
553 554
554 555
555 556
555 1138
556 557
108 811
220 950
619 930
559 560
619 1172
183 576
1280 1282
740 995
134 137
976 1412
564 565
565 566
93 1123
534 754
1188 1240
11 22
1189 1191
77 1301
573 769
1355 1372
125 131
161 662
832 1307
709 1038
575 1043
15 636
581 903
581 584
447 465
211 1254
542 614
751 756
1343 1348
1350 1381
951 956
695 1139
1083 1084
524 570
1354 1368
592 593
655 659
988 990
1000 1002
98 792
685 702
77 1326
597 889
1410 1413
200 202
732 866
601 889
602 913
296 1095
700 1158
604 1349
695 704
896 1060
467 512
170 176
105 553
326 330
378 741
211 239
506 507
336 540
615 616
616 617
1054 1073
892 1390
832 879
225 1082
265 267
553 1286
432 1122
791 1169
1195 1197
1055 1405
476 890
216 219
625 851
491 631
627 634
918 1391
697 1058
646 845
390 469
770 771
632 1020
634 680
456 891
227 965
90 937
638 641
640 641
640 642
641 680
483 1279
1233 1289
1001 1290
646 647
300 475
77 938
57 440
647 847
648 649
296 298
831 852
652 653
652 654
654 655
1168 1194
1141 1186
465 494
481 1268
759 761
627 629
537 1108
3 218
160 1237
13 15
476 994
858 865
327 1101
430 433
671 672
344 346
1147 1152
12 52
298 1160
753 1251
938 982
662 664
1152 1154
76 77
1137 1145
583 1201
684 685
567 863
129 136
630 720
329 939
1012 1135
153 1252
413 1189
191 613
263 1312
192 970
89 91
748 1120
1333 1334
1113 1188
133 1232
699 700
757 772
991 1215
401 403
317 1073
334 613
175 1216
476 1401
538 548
949 1153
1147 1349
714 715
1113 1204
427 1343
881 883
1325 1329
213 649
315 1249
6 218
19 41
726 727
95 1222
213 1085
728 729
728 845
1315 1331
94 102
1362 1365
288 558
105 1337
328 330
732 1367
56 777
805 819
711 1204
173 577
872 874
675 678
438 1360
1162 1233
192 683
106 108
159 161
642 644
745 746
395 398
1137 1248
89 937
708 1142
172 1375
1071 1072
164 166
1076 1387
94 739
955 957
1000 1001
18 22
460 857
340 877
1092 1341
860 867
572 676
108 1122
846 1044
670 673
93 1301
993 1005
975 1102
220 345
1370 1371
193 1015
694 1067
751 757
330 464
228 655
1089 1256
394 407
398 400
243 752
915 922
63 576
623 717
176 369
1359 1362
65 575
804 926
632 634
169 577
48 50
1034 1036
1018 1021
796 869
90 92
308 310
199 1251
796 797
796 840
797 798
798 799
649 1075
364 1050
298 320
467 733
5 781
809 810
809 825
1323 1388
651 668
724 726
1001 1352
543 1080
522 525
1308 1325
577 898
825 826
826 827
181 183
201 974
402 1421
656 665
806 871
124 126
946 1066
162 180
193 630
19 58
1407 1409
840 841
841 842
1000 1009
57 626
1146 1349
746 751
831 1353
335 337
1406 1424
30 1187
744 1242
723 836
806 1115
597 599
853 1353
995 1056
1314 1364
164 1112
193 1014
978 979
408 1413
830 870
520 1174
44 47
581 898
623 1059
283 1018
367 487
691 836
188 1031
412 414
468 470
204 473
170 645
689 714
757 760
449 1315
150 948
880 881
91 580
569 671
591 603
621 868
68 76
635 727
838 976
166 169
787 789
760 767
527 529
1060 1395
69 187
474 551
1204 1268
1380 1383
665 666
355 440
927 945
226 462
18 26
1022 1257
911 912
166 903
87 513
806 1404
53 56
564 1276
808 809
498 823
773 1294
79 81
366 754
1316 1386
668 1056
448 450
569 662
474 1414
475 1408
258 306
540 852
932 933
686 1177
191 193
385 387
936 937
188 753
376 378
941 942
941 1010
943 944
1411 1421
105 114
310 812
273 1086
954 955
1240 1246
89 1277
98 101
963 964
590 1120
1156 1226
717 1223
968 969
367 1208
898 901
417 419
118 119
323 886
977 978
979 980
602 604
32 766
567 574
8 818
465 1087
33 238
680 916
608 740
146 973
753 1031
477 479
124 1330
153 1211
900 1002
294 954
1001 1009
408 1381
1003 1004
685 687
396 407
625 627
993 1004
1162 1173
1315 1360
813 815
815 886
1060 1199
293 353
1216 1423
1022 1029
897 1017
1016 1017
1017 1018
101 103
336 542
280 1042
1021 1022
8 297
1242 1327
584 901
1024 1025
6 141
163 529
1029 1030
967 974
370 1354
326 328
905 1192
302 431
126 1292
83 911
894 1008
489 595
1387 1389
628 907
266 1070
378 974
1061 1063
520 927
161 569
1022 1024
585 1374
208 211
170 369
678 779
440 529
1064 1106
1345 1358
150 167
240 1176
849 972
198 526
272 1086
66 469
802 849
92 563
669 675
1358 1360
474 895
1329 1342
212 572
139 508
1077 1078
920 921
231 528
1081 1082
326 468
1091 1312
612 615
51 187
828 1090
1089 1090
479 726
630 1282
75 84
286 1165
1070 1085
372 374
762 768
180 1136
40 103
474 1175
659 662
302 928
1270 1288
138 151
204 250
237 1377
117 1071
1111 1112
132 1032
510 840
830 874
1287 1302
415 417
397 399
991 1250
242 244
1242 1248
822 1402
608 1225
304 313
782 1013
677 738
241 1377
1392 1417
1034 1042
1142 1143
619 971
997 999
60 715
81 83
1063 1231
925 1183
603 1317
899 917
118 516
806 813
630 1283
1154 1155
483 1271
1155 1336
118 1376
355 540
305 1190
621 664
312 1249
89 251
301 431
521 547
593 724
545 812
451 1275
339 340
1036 1037
753 1028
878 879
1272 1274
1308 1311
141 1128
1329 1416
572 828
1319 1320
1318 1416
407 451
482 1229
270 1156
1140 1156
1068 1104
70 1050
165 168
56 59
533 572
1331 1332
873 875
1241 1421
387 388
834 1160
327 1275
407 1275
76 1194
737 1078
1332 1333
199 200
542 543
821 1370
449 1332
480 550
1387 1416
1038 1067
653 672
493 712
1218 1219
897 899
78 80
596 1022
205 206
0 31
792 793
579 864
514 1209
561 568
178 179
162 1198
61 260
643 1014
308 319
40 106
162 163
1309 1315
509 511
661 662
788 1115
135 1144
10 818
149 152
571 589
940 942
377 760
161 971
1079 1080
238 443
338 878
1192 1195
466 1072
1082 1083
666 667
1250 1251
834 846
1317 1416
864 866
630 747
1135 1231
1366 1373
560 718
1414 1418
788 837
342 539
400 401
92 811
1078 1188
910 923
583 584
606 1100
958 1146
537 787
234 633
833 918
187 585
831 1072
900 948
984 986
756 757
1176 1177
709 1019
145 1403
1012 1049
17 173
426 428
92 1422
592 1163
1146 1147
252 253
765 980
1126 1127
39 189
54 58
210 1375
1001 1002
1067 1069
323 1411
734 816
1057 1195
808 824
948 1352
546 1081
262 264
1121 1125
1118 1287
1179 1207
173 908
971 1134
582 1129
924 1165
274 1393
1201 1202
23 1391
1186 1200
1041 1304
694 717
901 1202
403 404
716 717
950 992
760 1103
1149 1151
4 177
288 348
361 1043
696 705
507 510
191 630
1221 1232
413 738
737 1188
303 305
760 928
776 782
341 343
352 354
162 660
1345 1347
391 394
465 486
750 751
734 735
162 179
309 318
46 1246
382 384
1146 1338
1303 1309
77 78
823 933
267 565
337 1248
232 1221
135 138
476 477
1376 1377
721 722
536 1350
970 1304
1405 1408
300 321
107 112
560 784
22 112
410 421
424 1259
46 1078
319 871
667 670
450 1347
195 232
743 1364
93 94
631 632
156 158
966 1159
762 763
1051 1348
461 464
115 812
51 585
402 1245
990 991
765 767
1248 1415
150 1352
561 1007
432 1420
63 497
397 424
775 789
479 488
1058 1059
502 1308
470 886
1278 1310
682 1200
882 1246
342 1208
670 1385
42 53
486 583
1344 1345
1136 1198
1055 1076
1013 1393
718 722
517 745
441 447
307 701
391 396
697 1133
1357 1359
130 1048
596 1021
19 1423
26 329
543 546
211 236
716 1038
913 1146
361 364
84 622
179 1289
862 863
701 719
658 659
243 747
259 1171
791 1202
833 909
305 829
315 829
1226 1327
490 595
1089 1255
456 1422
261 265
604 606
42 935
1419 1422
677 735
562 991
377 1103
218 590
756 1103
442 908
466 1353
498 500
629 641
732 820
1205 1206
863 864
444 1420
1023 1189
169 1335
194 501
96 1183
316 1249
475 977
110 685
613 1255
1107 1113
34 583
681 684
1044 1054
112 329
803 804
174 1340
150 160
876 997
508 848
1041 1081
220 408
598 691
550 699
530 538
297 318
78 1301
22 329
73 122
433 435
265 268
691 854
1088 1096
1140 1248
274 276
35 727
663 686
68 729
78 833
499 1071
312 315
188 190
209 212
198 1280
569 573
1120 1129
568 571
347 885
556 592
983 1080
761 1280
1148 1153
431 1097
949 951
827 828
676 828
31 380
776 988
95 1233
1193 1214
195 1232
620 621
1419 1420
562 605
531 1084
331 345
629 652
860 918
157 1167
1390 1395
428 430
852 853
245 854
116 465
1291 1293
49 940
623 1219
743 744
279 564
727 1401
581 588
300 977
174 367
469 536
115 311
928 1103
100 1424
49 948
937 1422
547 712
266 295
248 986
303 704
875 880
1074 1084
7 16
560 712
177 674
628 1130
946 949
440 660
1324 1325
34 911
1074 1296
128 1316
843 860
130 698
1222 1247
500 509
185 703
221 223
383 1160
182 1412
1369 1378
104 779
252 580
157 279
129 959
960 962
781 818
964 968
462 645
441 465
377 756
141 818
681 871
393 395
308 871
36 824
1025 1026
357 961
557 636
440 618
912 1109
222 1118
284 467
643 1029
728 1042
1136 1289
296 363
1384 1387
983 1304
515 704
5 8
786 802
865 870
774 832
154 678
1229 1230
59 60
137 139
1007 1011
1241 1245
106 811
843 850
106 1122
1184 1185
891 1422
723 902
594 596
163 440
731 928
614 626
374 376
1027 1040
1066 1195
350 1343
808 1095
214 1144
484 711
219 625
491 1020
199 1028
363 824
133 982
113 1169
1057 1177
1177 1180
446 448
563 580
594 688
1380 1385
253 735
820 1023
481 914
758 986
157 564
584 1201
1093 1312
191 215
607 619
46 1077
758 1250
706 812
284 512
944 947
800 985
32 918
323 1407
241 1382
317 1185
600 887
124 1297
263 841
855 1260
542 852
788 790
100 405
222 498
178 660
1213 1214
514 730
1417 1418
436 975
554 855
953 992
1034 1223
234 656
1063 1267
1368 1369
399 1369
588 1112
600 1408
178 793
909 1008
16 1187
501 981
194 981
737 914
1019 1064
305 1185
683 970
165 1316
201 967
321 888
609 1316
1311 1312
139 482
1167 1276
905 1040
4 218
696 707
259 986
171 795
95 97
1266 1287
12 174
1033 1258
80 93
324 812
1279 1281
495 511
884 910
434 438
192 967
1144 1146
272 1064
821 822
1092 1100
1154 1336
294 947
989 995
189 1062
967 983
921 1011
791 1114
623 1223
787 829
482 873
31 748
1135 1148
1290 1352
1333 1344
745 772
541 567
522 772
217 246
473 1148
1132 1133
499 1074
1100 1349
402 589
210 380
333 1382
194 842
78 929
937 1277
619 1272
175 186
154 669
813 886
790 815
1150 1235
453 1200
45 887
697 705
325 1411
753 988
857 1012
811 1420
209 828
1053 1087
436 1102
1087 1114
435 437
742 749
556 724
337 1005
240 256
206 294
1181 1196
121 123
617 619
696 697
1070 1221
851 1383
1379 1380
807 824
528 868
1151 1171
710 716
281 1019
1273 1275
1061 1135
1156 1242
227 599
845 1244
481 737
10 1128
1130 1157
562 1216
323 470
659 661
22 107
335 993
1149 1171
266 1065
909 1035
520 945
163 618
338 844
440 540
783 990
273 1069
1345 1360
191 942
469 585
74 1413
172 246
442 901
1143 1249
635 1396
775 778
956 966
593 726
523 586
946 966
496 498
771 988
783 988
1214 1234
805 1262
305 787
965 1144
466 1049
360 796
1302 1305
299 314
313 685
610 612
55 609
803 819
254 677
544 828
857 859
174 660
97 101
269 566
603 842
785 798
379 1074
975 1063
636 830
515 695
229 670
624 1227
763 768
1138 1152
1092 1147
598 854
1080 1081
551 1007
434 452
1288 1296
7 11
1078 1246
578 1079
820 985
160 1390
1007 1245
1239 1268
731 764
207 860
472 1281
87 348
977 980
943 957
120 1337
200 1028
510 1312
466 853
687 1142
949 1068
99 545
442 898
694 705
276 1126
43 66
171 497
624 1218
768 791
755 1010
386 1307
624 1034
97 1361
865 904
406 411
46 882
657 673
300 888
474 1404
523 540
53 736
856 1353
316 1185
608 651
570 579
350 1362
13 855
907 1413
926 1047
729 802
356 861
739 1412
526 767
39 103
222 1284
814 1361
332 545
807 826
241 249
587 1060
1056 1060
409 1060
1076 1389
1023 1367
311 812
1365 1366
978 980
905 1189
130 798
782 993
519 522
1348 1357
439 445
1055 1389
1319 1348
1373 1384
187 364
35 636
336 853
531 1200
251 580
162 178
949 1159
481 1113
388 392
