91
4
76 14 57 43
123
36 42
25 56
2 46
13 0
16 10
21 12
22 8
27 14
28 18
29 17
30 7
32 13
33 11
34 6
35 18
36 14
37 20
38 9
40 1
5 9
41 35
43 23
44 18
44 35
48 11
48 27
49 11
49 33
50 15
50 24
25 77
56 67
52 19
52 20
52 37
52 40
53 12
53 22
54 24
54 38
4 67
55 14
57 7
57 39
58 10
58 16
59 11
59 33
59 49
60 20
60 47
61 3
61 46
62 8
62 22
63 17
64 42
65 39
66 17
66 29
67 34
68 15
68 24
68 50
4 15
69 3
69 61
66 81
73 35
73 41
74 7
74 12
74 21
74 30
75 10
75 41
75 58
75 73
76 19
76 52
77 56
78 55
79 23
79 43
80 18
80 28
4 5
80 41
81 43
81 79
82 23
82 43
82 81
83 23
83 43
83 79
83 81
84 49
84 59
85 31
9 62
44 47
70 79
1 6
14 64
1 70
37 70
26 82
78 84
26 78
26 84
71 89
71 77
24 25
15 56
19 31
73 85
16 65
5 58
13 28
13 69
3 57
2 30
