303
5
64 284 114 204 148
386
278 302
30 133
0 1
0 2
0 75
0 76
0 33
0 180
0 191
1 6
2 24
3 4
3 5
3 243
4 10
4 83
4 86
5 24
5 183
5 243
6 7
7 21
7 80
7 75
7 179
8 9
8 232
8 252
9 10
10 197
10 86
10 252
10 25
11 12
11 13
12 23
13 16
14 15
15 18
16 17
17 19
18 22
19 20
20 21
22 23
24 33
24 58
24 183
24 253
25 26
25 27
25 138
25 182
25 79
25 85
26 31
26 73
26 79
26 95
27 38
28 29
28 30
29 51
30 52
31 32
32 66
32 105
32 129
33 34
33 183
34 62
35 36
35 37
36 43
37 42
37 72
38 39
39 58
39 279
39 287
40 41
40 42
41 51
43 44
44 50
45 46
45 113
46 48
47 48
47 49
48 57
49 61
52 53
53 68
54 55
54 56
55 69
56 57
58 256
58 243
59 60
59 61
60 63
60 80
60 90
62 63
64 65
64 66
65 67
65 68
66 147
66 107
67 72
69 70
70 71
73 74
74 85
74 95
76 87
77 78
77 79
78 88
79 222
81 82
81 83
82 84
84 85
86 94
86 183
87 88
88 221
88 240
88 276
88 287
88 298
89 90
89 91
89 114
90 114
91 92
91 290
92 93
93 94
93 183
93 300
95 96
96 129
96 138
96 173
97 98
97 99
98 117
99 103
100 101
100 102
100 114
101 126
101 174
101 110
102 114
103 104
104 111
105 106
106 107
107 130
107 151
108 109
108 110
109 113
109 262
109 110
110 124
110 131
111 112
112 121
113 280
114 115
114 116
116 122
117 130
118 119
118 120
119 123
120 132
121 127
122 123
124 125
125 128
126 131
127 133
132 134
135 136
135 137
136 146
137 144
137 165
137 150
138 164
138 166
138 172
139 140
140 142
141 142
141 143
143 157
144 145
145 151
146 147
148 149
148 150
148 167
148 184
149 155
150 165
151 152
151 184
152 156
153 154
153 155
154 160
156 157
158 159
158 160
159 161
50 302
133 139
164 165
167 168
167 169
167 181
168 172
169 170
169 171
174 175
175 177
176 177
176 178
178 179
180 192
181 182
182 197
182 232
183 282
185 186
185 187
186 195
188 189
188 190
189 196
190 194
191 192
191 193
191 196
193 194
195 196
196 218
198 199
199 200
199 201
201 202
202 204
203 204
203 205
204 217
206 207
206 208
207 212
207 292
208 216
209 210
209 211
209 212
210 218
211 220
213 214
213 215
214 216
217 219
219 220
221 222
223 224
223 225
224 250
225 241
226 227
226 228
227 244
228 249
229 230
229 231
230 239
231 234
233 234
233 235
235 237
236 237
236 238
239 240
239 241
239 242
240 242
240 253
243 279
244 245
245 246
246 259
246 297
246 301
247 248
247 249
248 260
250 251
251 254
251 255
252 259
253 256
255 261
257 258
258 261
262 273
263 264
263 265
264 280
265 293
266 267
266 268
267 275
268 278
269 270
269 271
270 281
270 298
270 299
271 276
272 273
272 274
274 289
275 291
277 278
281 291
282 290
283 284
283 285
283 286
284 285
286 288
288 289
292 293
294 295
294 296
295 299
300 301
134 260
128 134
128 285
215 284
198 215
198 200
200 205
14 205
14 187
187 238
238 254
254 257
257 277
161 170
171 297
64 296
260 297
260 285
187 205
205 238
205 254
205 257
191 231
13 188
64 130
64 117
64 98
64 221
55 284
213 284
70 284
198 284
274 284
45 284
