2023
12
0 1633 1713 1211 196 295 810 1878 1415 1493 962 1938
3601
629 552
1260 1953
299 1098
1905 206
684 581
1152 1291
677 1459
1590 1593
1018 1872
1640 1642
1877 1878
502 509
1722 1094
1708 740
946 944
1898 1891
341 370
1388 72
285 1993
453 933
609 368
1884 205
1537 1533
409 393
54 1952
571 1016
1593 1258
1864 1398
416 1302
219 1714
527 530
1048 1050
63 67
1928 1975
1635 331
100 1701
1752 1742
0 1
0 1597
1508 1510
1140 1391
303 1296
520 889
1710 259
83 1489
607 601
1079 1082
1350 1491
8 4
1013 1740
1131 1741
11 8
1780 1786
11 492
1474 1479
984 987
13 386
673 675
1529 1577
15 1262
375 461
455 1680
581 584
19 16
584 1944
273 124
1491 1524
1164 1540
1278 749
24 25
24 547
1602 1607
1524 1529
1145 1559
1716 1726
303 1355
340 224
27 2004
28 29
395 7
1061 1063
28 1524
29 30
29 1149
29 1529
30 31
30 1201
30 1560
31 32
1200 1523
31 260
32 1217
466 1147
181 80
3 6
2008 452
34 48
502 267
34 414
1560 1529
35 1238
1805 64
35 750
1223 1638
1201 258
1047 1035
267 1892
37 123
1675 1683
1067 1069
1894 1929
1326 1330
152 67
41 37
52 1594
1342 1509
1783 1869
41 1537
1304 2020
340 213
1245 1253
635 1444
43 1653
1495 1496
1759 1683
44 1473
44 1488
1523 1251
1475 1612
1106 991
0 32
1703 736
46 47
47 1299
113 111
48 49
1387 1679
225 262
1134 1131
321 1935
50 474
1406 1199
495 1068
1723 1012
1331 490
205 2022
1436 1811
88 129
704 1093
1153 1239
890 1585
1851 1854
1832 1837
1854 1867
56 474
1188 750
765 1328
58 59
58 636
1482 1497
486 1132
1150 1152
1385 1388
3 373
1515 1518
1819 1720
523 532
1088 1091
1368 208
1690 1546
566 683
794 695
1804 1835
804 1168
1784 1844
1666 928
1604 1362
837 1112
1252 500
353 1574
1145 1017
1932 1870
1496 1558
811 525
388 1090
1208 708
1596 58
1545 1552
70 71
70 543
71 72
359 847
1303 553
1723 983
72 73
73 74
1705 583
61 724
342 686
990 99
906 1893
76 77
1037 1744
1482 1340
77 95
877 1533
1447 1451
1 659
1603 1604
78 155
616 1495
754 1570
80 81
1595 635
80 183
81 82
81 1244
405 424
82 422
68 70
628 645
84 85
614 1042
84 192
1169 1171
85 1059
2 2007
1388 1390
87 88
132 1882
400 451
129 1862
89 90
874 324
467 657
346 353
90 1176
589 1233
400 760
1599 2018
1787 402
695 1334
423 425
95 1166
810 305
1940 529
704 1112
1875 1922
101 96
101 102
101 274
1181 792
102 103
102 530
102 531
103 104
103 36
103 21
104 105
57 432
104 1755
105 106
816 1574
105 199
1632 1665
898 1582
106 1554
1250 1239
1001 472
152 436
1287 1255
110 107
110 111
1672 1694
392 146
21 1418
113 114
1151 1336
1687 1420
764 293
1896 1554
389 1061
117 118
1681 1604
1900 300
1304 1561
1340 776
1315 1590
285 1990
1315 1428
808 951
124 122
1195 342
124 1108
1214 478
761 1312
1102 178
1907 1924
859 1989
1994 2002
1192 1250
1053 1041
464 1578
580 587
131 137
131 138
131 662
132 133
38 1825
496 1608
1755 36
1699 631
1593 1003
135 136
994 998
74 71
1915 1922
1928 482
194 196
138 139
1920 1664
273 464
894 1013
170 1024
1614 933
140 141
931 1131
140 1759
52 1856
141 142
141 1764
141 1125
142 143
142 1100
142 1363
143 144
143 1799
654 664
144 145
1325 1348
1967 1948
146 147
1762 1483
1547 1174
147 148
147 179
147 180
148 149
1324 1591
1911 1881
1100 1799
149 1176
150 151
1086 1089
1596 1184
1125 1491
1019 1038
750 1190
1796 1464
1053 350
1757 1753
895 1045
2000 1731
9 12
513 629
1177 92
1235 1247
157 180
637 1687
158 159
1167 1639
159 160
1325 277
1325 1548
1145 1150
163 164
1132 501
638 643
10 389
474 1594
90 92
10 1342
981 1252
860 831
306 347
389 1509
1974 835
1055 993
1865 1849
1261 1369
620 469
1661 1610
1057 1263
1078 1192
416 1023
1434 853
326 278
918 924
932 939
98 1047
145 325
1792 512
180 181
180 1176
14 21
181 1177
997 1759
183 184
329 1199
184 185
1294 1298
1264 1416
898 900
708 1104
1715 1797
227 229
1395 1367
697 818
470 950
1711 826
1423 1612
1035 650
831 1049
1210 993
190 191
190 443
190 196
358 367
191 197
191 442
42 45
192 1059
100 377
1834 489
1076 1998
45 51
1908 1912
872 833
1215 1216
13 15
200 210
196 197
196 1973
1716 922
230 1057
1645 1010
678 1459
216 176
199 1554
199 1755
1764 1363
1729 278
1441 730
201 202
201 2020
201 1087
467 956
47 1488
1793 60
990 1752
17 1130
1343 1557
374 148
860 1809
223 204
1691 109
1657 1709
632 776
1776 1157
14 1973
207 208
330 1633
962 1404
208 209
1715 1965
1317 1311
643 796
1653 1654
1419 1735
50 52
120 121
1423 1968
644 665
1812 1534
1533 1494
1037 1039
160 640
1985 241
1108 341
307 1643
1701 1984
25 27
220 221
1383 1855
359 1680
221 222
221 195
222 223
809 1624
704 839
1703 775
1975 39
1085 1088
612 700
1938 1230
1206 348
1037 1191
1159 53
370 1412
1010 1709
1288 1080
1490 1847
829 1789
229 230
1257 1272
357 847
229 212
230 231
1056 1719
1662 1682
789 1744
231 763
50 1441
1159 1105
152 153
1215 1254
1573 991
206 218
498 1478
2008 1437
503 513
1197 1198
930 1739
1436 343
236 237
1025 1851
236 283
236 725
1947 1976
237 1117
637 639
238 239
1660 1715
1241 1841
1654 1661
1837 1839
1285 1294
1144 940
241 242
246 661
1394 74
241 286
904 558
1434 1374
242 1730
1333 242
244 245
1966 1449
157 146
737 562
867 868
830 1067
316 1901
206 1714
1426 1182
1589 776
721 194
191 106
335 349
672 481
1112 1093
250 251
250 655
250 713
747 1045
1677 535
252 253
1370 1290
886 936
252 247
253 254
449 927
678 683
254 1674
21 530
1767 423
255 659
255 1674
1790 402
193 1316
257 258
1231 61
257 1675
1177 84
258 1597
1180 1188
1852 1901
824 427
1213 478
260 1560
260 1217
1184 731
263 260
182 186
1071 982
266 263
736 1694
189 193
268 269
335 348
928 1663
54 1419
271 272
271 526
1136 1794
441 673
272 527
1990 1993
667 291
1485 1337
760 2
274 530
274 26
1858 1842
1414 1416
255 1046
276 277
1390 543
1426 1179
721 76
253 245
479 244
1255 1097
1520 1927
639 1420
1313 1493
408 410
1726 1728
1441 980
1580 1586
387 1351
247 250
47 1606
394 396
282 283
282 347
282 905
195 204
283 1107
647 1387
285 286
285 1730
1446 1689
883 845
1067 965
856 939
324 1238
969 1650
995 1702
1405 1322
202 10
1136 1841
251 1567
1687 1374
291 670
1622 1029
568 584
713 706
293 294
1674 659
293 766
294 295
294 1109
574 1470
295 296
295 1628
1626 1062
296 297
1896 439
297 298
297 1693
1392 1762
1715 651
791 693
1614 430
301 298
964 1575
301 302
1406 327
301 793
302 303
302 693
302 694
303 304
588 485
1847 1833
304 305
304 1296
1822 574
1853 1866
305 812
305 1254
1193 1254
969 972
1261 9
50 1594
224 228
1187 1702
1094 1096
308 309
1717 1720
770 276
1531 1442
294 1629
562 1507
1992 500
545 522
615 617
911 1017
477 1861
911 778
1010 1013
814 928
1966 1970
1490 1833
339 1665
1601 514
1971 1211
285 241
300 1972
1578 124
59 52
882 1954
337 334
541 537
960 2002
172 177
573 532
1415 216
374 179
585 589
538 540
1025 1472
802 1167
1575 1496
1878 1879
1460 44
1920 1923
1616 1972
1307 1349
322 326
327 328
328 329
328 701
424 544
762 891
59 56
330 331
921 914
1386 1603
637 1431
1424 1187
1411 1413
64 1565
450 453
25 2021
334 335
800 1327
1425 1193
619 1677
243 278
1788 1562
1233 578
236 1120
337 338
1478 1481
1048 757
468 618
338 339
338 348
392 179
467 648
1462 1463
1008 1135
810 1193
152 94
466 1757
343 344
27 2021
343 1270
1705 1220
344 1264
346 344
346 801
1601 552
931 1773
348 349
805 848
450 1614
349 350
349 1053
707 720
350 351
350 1319
712 403
351 352
351 1041
351 1042
352 353
352 614
822 826
1155 160
353 815
656 821
354 355
354 1288
354 1290
1792 1809
1149 1201
355 519
1589 1182
1466 1472
1466 1025
1280 1281
1808 1169
357 1370
671 800
1531 678
469 1211
23 666
1153 1056
360 361
568 1936
1010 1642
1395 1453
1681 928
1851 1883
508 504
363 364
1595 1689
366 364
1352 1191
424 432
369 366
369 554
369 1987
369 1810
1055 1052
371 372
372 373
1467 1480
685 18
287 872
1577 1579
516 517
616 1346
1033 1027
1704 1745
39 93
1186 1187
1085 51
1688 1793
1532 1533
234 1538
381 376
664 685
1014 2001
1742 734
1827 1834
1289 1491
698 99
1324 1204
715 791
1867 1942
1302 1023
1828 1914
881 1564
734 1748
402 1415
1995 1322
1995 1155
1460 1407
1314 1324
1291 1297
505 508
1699 1476
1006 1256
1071 2000
417 1982
130 1782
1152 1154
390 393
1219 1705
797 1976
1233 1237
406 407
144 414
1987 256
407 408
1151 1786
78 80
304 1364
1092 738
704 401
251 702
411 412
1178 840
411 1440
1725 159
1442 1019
413 1395
1 139
648 660
1882 1907
202 1304
934 561
415 1511
415 1446
1142 1058
416 753
457 847
410 110
416 754
708 478
447 87
1840 1537
1280 1540
1591 1553
1867 441
1372 1374
420 848
1416 1425
1902 1998
422 1244
666 713
688 648
195 222
1414 1429
1993 200
1925 752
1081 1106
1345 909
127 156
1829 1831
1208 1210
1586 1462
427 428
1831 891
427 1827
428 429
428 824
874 1238
1067 1546
1828 1273
798 1413
1322 1326
930 931
1009 1526
1500 1564
433 434
1399 1403
167 153
1498 1123
284 311
999 1621
784 296
435 1520
702 64
1505 549
1828 353
437 438
437 1870
1948 1963
438 439
446 965
438 1896
198 1692
1323 1414
1834 1563
920 398
1651 1653
1406 1959
842 856
942 946
441 1854
442 443
1850 800
443 444
1960 1550
1580 1481
1039 1744
429 1563
831 1820
1630 1638
918 1301
447 1059
448 449
1918 557
449 450
202 1375
458 946
633 1444
1772 1989
1926 1287
1297 1152
1095 1971
930 1737
62 285
413 1711
419 445
1728 1716
657 771
1494 1651
463 464
464 234
1650 878
465 732
1353 1208
250 1565
1744 691
1286 1393
1565 702
469 470
1694 1413
830 865
462 699
534 389
809 1625
433 1772
91 240
2013 91
67 436
476 111
1610 1654
479 480
1152 1805
1702 903
479 997
480 481
1746 1690
480 971
1405 1647
481 945
1126 1301
950 1694
483 499
597 506
729 976
2009 2005
37 1386
901 229
855 1648
214 748
198 1697
488 485
88 95
488 506
861 1137
648 956
504 505
977 261
1557 1203
1971 100
1696 1698
1986 1994
53 1062
1084 1308
1417 1880
50 1055
1314 1280
1690 446
513 514
1699 1445
1454 687
1706 1511
227 1298
505 807
800 888
790 1393
1718 1972
695 1356
1569 1398
1353 1880
1852 316
294 1628
1676 621
506 507
617 1836
645 1015
507 595
507 596
264 1701
870 494
510 511
1370 355
1836 372
672 911
1164 1165
1365 922
515 959
403 1043
313 827
1219 1551
1593 1275
392 394
1779 1298
493 495
1960 407
633 1687
1504 1030
1132 557
1175 246
291 1120
1234 1298
1750 1695
227 1236
18 275
433 1887
1032 1036
88 1620
18 1272
526 527
526 722
1220 123
527 1418
731 1300
151 78
1648 1657
1931 1841
69 879
531 36
1852 1662
1501 1459
843 1391
533 534
511 107
339 342
534 1061
570 540
280 282
1883 1026
536 537
536 1369
536 1509
24 549
537 1376
537 1557
236 1117
1613 1964
1028 1477
542 543
1719 983
1710 795
617 1486
1229 1835
544 545
1100 1350
1722 1657
264 795
1543 288
841 846
586 592
756 907
547 2021
382 463
1470 464
549 550
1309 1181
1000 429
1141 1686
984 1917
332 341
619 629
514 552
381 385
416 420
554 550
856 1282
554 1814
710 317
990 894
1815 550
972 1650
807 1310
1195 578
1032 1572
1032 1352
458 460
13 34
1036 1191
793 694
463 273
1036 1571
569 567
1728 850
1903 365
878 1625
636 1179
1135 2013
1588 1397
291 293
1827 1029
170 1114
189 559
901 1159
1654 1603
1225 1229
1603 41
578 579
931 1741
1892 934
676 685
876 1492
240 2013
1471 1480
579 621
625 1532
280 309
66 658
413 822
1771 232
1775 1345
621 623
446 830
655 658
468 486
1709 1738
545 547
1109 913
1612 943
592 1868
587 588
587 586
1367 1667
255 257
651 653
874 876
2017 2012
1863 1916
99 308
1752 698
17 1313
595 499
596 597
2018 23
1439 1689
467 741
1301 924
1038 439
1115 1117
842 832
1679 647
1731 62
414 1799
508 1680
52 1596
104 14
1042 1043
1727 1819
652 1924
644 542
232 112
610 611
1687 1679
1153 1078
611 612
611 709
611 1044
612 613
1375 1561
1050 1052
613 614
613 818
613 1043
1629 1631
614 817
1808 582
1681 1603
1037 1167
1943 797
1104 1890
1974 674
1959 1665
1788 723
257 1597
245 247
1297 209
1407 1743
85 87
452 1853
1028 40
1939 601
328 323
759 545
623 624
960 1751
703 1575
1138 1704
624 625
553 558
1042 1319
725 1107
1016 1018
625 1492
772 1641
626 799
1641 1651
469 1195
1463 1403
119 127
1963 1260
1378 1434
1223 1663
1425 1429
632 633
632 647
632 1338
1584 1547
1771 1768
358 326
1980 1983
990 306
314 341
1884 1057
635 1687
1835 207
1698 1440
834 825
637 638
961 427
51 1122
637 1361
638 639
668 1286
439 441
639 643
639 1678
474 1770
1207 37
825 707
1784 1940
54 63
59 1856
938 515
615 150
1232 702
1439 1655
642 529
1953 1979
1150 494
1492 577
1832 1830
773 1612
630 378
1551 1553
1138 1753
647 1420
1677 1960
71 271
272 274
333 1691
1573 1761
1247 1161
108 115
1671 1219
573 508
1543 1473
732 733
657 648
945 1363
291 764
801 1352
660 688
660 1919
223 217
706 1286
1545 1512
425 1887
1150 1559
743 819
1886 1897
1609 947
1258 1275
317 321
667 766
1047 440
710 315
1798 1899
434 1989
139 261
1983 1985
489 999
121 125
1860 1862
644 1160
1008 806
119 1647
689 693
1823 1129
683 687
677 678
1228 663
1569 1404
1065 1736
962 974
1311 1221
769 761
1595 1182
702 1795
1138 1147
373 1664
224 401
449 1609
889 959
496 1606
1789 313
835 674
565 568
689 690
1750 1690
689 692
689 1364
690 691
690 1168
439 1942
691 692
388 237
637 1461
692 693
1347 1735
2021 522
1534 1530
694 695
1314 1591
874 1777
619 1960
695 1668
1134 1741
696 697
696 1036
696 781
591 1041
1624 811
697 780
697 1571
1446 1395
705 1783
140 1125
1028 631
873 610
700 701
700 711
700 712
1807 582
701 1072
1988 1990
1055 910
36 1077
751 756
1651 1495
1168 1639
1449 653
315 484
163 1437
635 1667
709 780
133 1708
710 711
1520 1522
133 475
711 1072
711 1044
808 809
1067 1690
737 861
672 756
836 982
389 1077
715 716
715 1141
1455 288
716 717
1127 1423
583 1254
717 718
951 1606
717 714
786 265
718 719
718 1110
100 1984
698 1748
1993 1322
721 722
155 157
721 1973
1456 1460
722 1418
723 724
370 382
335 1319
1060 376
1547 893
943 1423
624 1492
1720 1727
1399 1859
671 1344
726 727
944 947
727 61
832 1826
728 729
728 976
1727 1781
1378 1431
575 591
729 730
730 731
42 1114
1373 1302
1725 1952
1120 330
864 1844
225 2000
61 79
1226 1194
886 871
211 204
579 1676
1233 1053
563 588
1490 390
110 310
237 1090
741 1636
333 109
158 1952
1556 616
670 1633
289 872
1681 1666
744 745
1170 1383
745 746
746 747
133 1882
670 1978
1866 916
1334 785
1728 1696
654 1981
421 1524
1133 1194
957 1562
844 845
1446 1453
844 1821
998 1002
759 760
1854 1258
1108 126
954 971
2006 2011
763 744
974 1457
783 1039
151 371
764 913
415 429
849 1848
1346 1555
1701 1664
999 1021
422 192
1184 1186
1535 733
1609 1611
1852 1643
1711 1588
771 772
1127 746
1817 1717
42 1539
1216 1218
1475 1452
1662 1803
1081 1098
985 156
774 1641
1872 438
97 468
1494 43
136 463
736 1672
319 1490
780 781
780 873
781 782
781 1128
782 783
482 555
372 1103
1201 1675
783 789
784 785
768 779
784 1997
785 786
785 1631
743 461
984 1614
786 1333
786 1334
897 899
1395 1434
431 934
788 1776
788 609
788 680
1478 1462
1661 647
1697 1984
1735 2005
714 789
1599 23
1801 1810
199 201
793 794
766 239
2011 1712
981 503
1658 1638
1932 620
1817 1819
60 548
797 798
602 179
1842 1845
1490 114
813 353
347 1107
482 1158
799 800
383 707
1854 1615
800 926
1067 446
801 802
1276 577
909 130
1638 1666
564 410
1611 453
294 766
804 1639
1461 1420
1549 1463
1996 1998
1195 470
281 1080
562 861
1122 1034
1009 1011
1846 1848
506 491
810 1364
1867 1615
1613 1868
288 1463
812 1215
812 1296
812 1670
1144 1227
813 634
1086 1940
813 575
1713 1846
815 816
815 1574
816 817
412 799
817 818
817 1572
818 1571
1464 1483
1223 1551
746 361
1295 1370
942 460
326 345
830 1699
1123 1700
1434 1397
1816 976
1250 1458
643 814
1438 909
827 828
827 847
827 1370
827 1371
681 699
828 829
1945 2004
1620 1862
399 694
461 740
1801 529
859 863
2018 20
1721 604
1757 1401
1610 1617
636 1999
1813 1644
1753 466
1283 1287
721 77
1010 894
1467 1471
920 1030
1634 1576
140 28
1977 835
839 840
840 841
1125 28
1442 677
633 635
444 615
772 1506
1494 733
121 436
473 594
846 213
1411 1919
1855 1166
325 365
849 850
1777 1811
850 1846
1671 1591
1523 1519
851 852
365 945
851 1588
985 440
852 853
1940 1968
1184 1300
853 1378
145 553
853 922
1716 852
1742 1748
819 430
712 329
1220 1223
678 1501
342 1206
148 1235
1058 1813
1149 1683
289 1128
515 107
470 1616
631 1310
360 1236
279 57
339 686
862 863
863 864
863 1877
453 458
1335 368
1499 69
1900 1718
1255 39
866 220
869 220
869 870
869 195
794 1334
749 1384
1399 1576
387 538
872 873
872 1331
632 1339
873 1128
958 1994
510 938
238 667
572 978
579 950
958 960
660 214
876 877
649 1583
472 375
1569 1575
915 130
675 1472
1879 854
1263 2022
878 974
498 703
579 787
880 881
880 1315
854 859
1496 1864
881 1590
638 1637
1097 1283
168 172
93 1287
97 1132
323 327
1586 1589
612 1043
1082 897
1624 1743
889 890
469 1836
22 2017
741 657
902 1198
1650 805
41 43
1121 497
1753 1745
1719 1723
1507 1137
957 1612
740 742
1692 1697
1646 1648
1335 1357
1070 1066
550 516
1131 477
880 379
1983 238
181 155
1284 1313
210 225
1651 1556
252 666
384 1882
495 497
659 138
1535 1542
552 513
784 1684
868 871
518 317
1484 1468
134 162
517 550
547 2014
1692 109
1034 1035
1676 1233
901 1626
1054 1521
739 1458
820 1506
1549 1576
420 1457
1556 774
1027 1054
112 1763
365 751
903 336
1966 674
1708 892
1046 254
101 276
971 997
757 1612
1081 1893
397 1320
626 631
517 521
843 1282
688 1016
44 46
335 712
1031 1049
1270 1276
1439 1706
986 1592
1495 1864
882 1961
1154 208
254 244
465 467
848 1023
1155 1322
946 947
112 1838
97 397
1703 465
1749 1869
1602 1644
1685 1756
1987 1933
459 551
892 460
951 952
1659 1048
1234 1602
952 953
1070 1071
1092 1094
1231 79
1687 1372
865 867
708 1890
41 1494
357 359
1883 1258
409 1582
1867 1304
171 50
113 1619
464 977
1633 1635
203 1247
1936 561
0 139
962 963
1382 419
962 1627
963 964
963 1404
963 1407
1988 285
964 1652
1081 1888
1777 1276
1097 1102
1751 2002
1847 117
966 1312
1432 1439
1462 636
231 1263
804 810
742 743
1327 1080
129 1855
1693 793
729 50
237 283
574 122
1584 893
1106 1916
972 769
1584 1540
52 171
448 1488
1977 1974
974 1555
1537 1207
1998 1079
487 535
1127 1189
1580 1482
1020 1040
1443 1023
978 520
1783 1736
1672 621
1721 983
850 1698
354 1381
241 1629
313 1371
1151 1205
1589 636
988 989
503 627
1728 851
989 1511
989 1563
219 875
1601 1992
971 1764
765 768
89 149
964 1456
772 1636
1784 1877
1146 1292
59 1594
189 1982
1849 1853
483 1121
737 572
1114 167
209 1368
1782 915
1920 593
1105 1119
1829 1823
988 903
1927 437
318 456
1766 1769
1009 1515
884 886
531 276
1312 1625
883 844
1436 1264
1546 826
1704 1134
191 1932
1018 1019
1646 1640
1220 1386
735 1245
1904 1918
1794 1800
2016 925
226 875
1025 1026
1026 1027
1905 165
1138 1134
1469 1343
306 308
1483 1796
981 994
1057 1316
1723 1192
312 314
2006 925
200 225
1858 1866
957 723
664 676
685 1279
1385 73
384 135
1581 1165
1046 1675
20 86
258 31
1366 1360
1354 1859
26 33
393 454
329 334
813 1909
462 1390
991 821
1143 910
1243 1226
1400 1401
1874 251
178 1088
419 1394
1171 1173
1173 1527
1822 1765
829 1809
417 193
1758 1573
448 1634
382 384
724 1475
1114 1034
545 451
1206 1053
1175 796
1347 1419
318 319
420 805
943 957
619 627
670 1980
1462 1999
1414 810
236 764
1634 1543
1802 1174
447 77
491 493
1978 1980
98 1647
1931 1794
566 571
1082 1083
1498 1332
1083 1084
1083 1308
134 125
442 1932
401 846
1710 198
174 380
1253 1811
444 1486
83 69
397 1116
1089 1784
1089 1788
1025 673
1345 1438
1410 919
1454 1515
1314 893
466 471
1876 1495
1158 440
777 797
1693 1997
1969 1073
1446 1706
1863 779
806 648
308 1925
1066 1140
1286 1306
132 475
1140 1070
17 1493
1659 1052
589 591
1895 934
1159 744
1775 1771
1575 1580
306 1013
535 562
454 456
1260 1971
1329 1735
1071 225
1967 1260
1063 1077
1035 1122
277 534
1691 1522
1986 953
1394 1402
670 667
884 528
1410 1747
275 398
1922 1926
186 193
922 1846
1079 1902
1160 543
158 54
1718 1632
807 679
1749 1783
1081 299
719 782
373 1103
716 1141
2002 1986
1300 730
234 1470
1590 1561
151 183
525 808
487 1677
936 965
219 226
1671 1204
641 644
938 978
1160 1163
773 1452
1884 211
1293 1275
48 492
1950 549
1142 1143
900 1240
18 380
1062 1159
1552 1376
867 830
1144 1145
290 307
1109 764
510 861
1350 1277
20 790
1255 682
744 749
857 825
193 1263
1401 590
819 1242
1836 1103
1186 728
1930 168
987 448
467 1703
1993 62
1539 1544
973 1310
1661 1420
525 47
22 1192
929 1782
1815 1950
65 682
118 122
299 1888
429 822
357 799
415 989
768 1685
1101 1122
1676 585
1663 1666
933 740
589 1041
1403 58
616 774
757 1659
906 909
1340 1586
275 290
1554 2020
56 1208
1070 843
145 13
1949 1958
1196 640
65 178
662 137
204 1297
406 986
1653 1558
518 315
203 1161
683 1601
1724 1428
1176 1177
397 452
802 1264
1229 64
137 311
657 806
1207 877
1367 1372
89 1172
589 624
1104 705
1430 1432
1612 895
1523 1514
1116 477
676 1981
552 986
757 895
855 653
1599 252
1314 1553
1987 1801
717 388
297 715
952 944
98 119
626 807
1164 814
1021 336
1233 585
1885 20
1298 1906
688 485
623 1672
262 1066
623 1525
1706 1187
984 1634
1614 453
1075 1239
1126 906
1223 1280
1037 690
1879 723
1212 1213
1213 1214
809 811
435 1932
1117 913
197 105
1143 1231
647 1362
1629 242
1787 1498
433 1622
1224 1217
553 904
1090 1396
859 1878
1443 1448
1227 245
469 1103
66 1227
295 1686
1813 1142
461 472
1702 1186
973 807
1232 655
484 518
484 490
738 734
459 116
1666 1630
346 1032
1199 334
1154 1297
218 838
1461 1516
332 1907
947 951
881 1375
1808 1812
393 418
1011 1454
950 798
1502 1099
1618 1415
1500 1688
1964 1649
885 893
1859 1880
1279 1283
288 1462
959 107
1856 1594
266 268
692 791
431 383
1658 1630
1884 1368
994 1433
731 50
455 457
1365 1713
1938 581
1027 524
705 1242
1259 1260
1957 1961
1948 1953
423 433
573 455
280 233
1507 1550
1575 1652
1323 804
789 716
1826 1031
1068 1121
1424 1426
829 831
889 515
1268 1269
160 98
1271 1269
1152 1225
101 531
1274 1271
1708 933
897 1308
443 1389
1278 1274
406 1009
114 390
1093 2019
53 1136
1004 970
822 1996
462 445
376 374
746 1105
495 1002
1361 1365
18 174
578 470
736 956
736 775
1578 122
1630 1681
1566 1506
1175 661
668 706
1242 1890
887 892
1465 1487
1291 1154
899 902
185 187
842 982
241 766
1045 757
1265 854
388 1115
1435 1400
1415 176
898 1585
645 217
1700 2010
200 1322
2006 1016
1498 162
1309 15
1899 1901
1417 1403
2011 2001
1592 1601
1457 1467
1943 1947
1048 1045
1170 76
197 14
1787 1790
1272 685
997 1020
1460 1299
1627 1743
1202 79
811 1407
160 1647
1528 1200
787 578
1993 225
514 500
278 322
671 926
258 0
1361 643
1218 1705
1757 656
1576 1354
1442 1018
490 833
1980 667
699 542
1698 1445
1323 1341
865 446
792 1303
1159 230
2013 754
1333 1157
1333 1631
1334 1335
23 86
1334 265
1335 1336
779 471
1810 1814
1336 1356
1336 1357
1549 1543
1337 1338
1337 1339
1752 894
1337 1610
1072 323
1339 1340
1339 1497
167 170
1122 1583
1280 1164
1517 1519
542 681
556 1371
1375 1342
973 1028
705 708
444 187
1480 1570
314 652
745 1062
128 137
214 603
789 791
1502 1504
1939 1944
688 1246
1527 1528
1474 112
1858 1865
1785 858
166 168
1688 1343
1530 1528
555 649
1767 1991
695 1335
1355 1356
1355 1668
1355 1669
616 1876
1356 1205
88 92
1357 1358
1357 1786
832 836
1358 1359
1358 368
1358 1780
1359 1820
1359 1381
1359 1295
814 796
1360 1713
554 1754
984 430
489 1021
580 1961
652 332
1926 1305
1497 1485
66 1232
628 1007
1544 115
1732 331
423 961
758 570
694 1668
1127 1119
373 795
1928 1915
1302 1443
1164 803
535 1550
504 679
802 804
1539 1541
1864 1575
158 640
697 612
1945 1989
1380 1381
1380 1290
1380 1295
1381 1780
325 144
1382 1383
1382 1402
470 787
1884 2022
1158 996
1595 1655
981 493
953 1625
1551 1280
79 1452
1373 1747
1064 340
735 750
1673 2015
1611 942
434 854
1734 1435
1041 813
1876 1556
1214 1142
1481 288
1570 1135
1691 1712
1693 298
1673 1349
284 887
959 1585
59 1634
205 217
1360 1165
506 493
654 1305
1326 1292
1747 1751
1845 762
1782 924
281 1366
1649 1957
157 166
1565 655
1595 776
1905 996
1297 494
1477 1139
1276 874
1329 1073
772 732
1085 65
675 1025
968 970
551 1929
546 924
1411 1943
774 1346
1656 1054
1421 1415
1502 1030
644 699
1447 1454
522 213
1166 1170
1907 1412
1732 1740
727 976
1108 370
1413 956
1769 1772
367 383
1785 1517
1819 1129
947 1608
556 455
1651 1558
1738 1742
534 1261
495 998
515 520
1133 1102
1976 235
771 820
1596 1179
1598 662
1598 1599
1853 2008
295 1109
287 233
1819 1823
1644 1607
675 1019
995 903
575 577
688 1014
1309 1311
563 586
51 65
1608 1609
918 1126
898 890
990 1013
235 300
1008 603
1736 1749
1566 1568
1285 227
960 1994
1425 735
1039 1191
1767 1772
877 625
1752 669
1039 782
428 1834
580 592
1084 837
858 879
1739 1745
1052 1143
1931 1933
1708 1001
1517 1787
672 1903
542 665
1279 1257
1592 687
990 308
177 1930
259 373
1190 1193
1624 1625
231 193
1435 1401
1964 580
1244 185
1398 1876
1950 2004
1695 830
980 1022
1447 1501
1167 1352
1871 1873
1034 1024
1563 428
1182 1432
768 1843
789 691
1427 1421
1324 885
1146 1326
651 1012
94 120
489 988
241 239
796 803
1076 1079
435 1927
1134 1745
1606 1608
1904 1727
1361 1175
1932 1486
392 385
1859 1417
878 972
354 1547
1796 1790
1934 1462
290 270
394 168
748 603
405 544
1077 1087
1614 742
1013 1107
927 987
10 1087
1627 878
214 935
1533 1542
289 1090
980 1231
85 447
91 753
172 391
292 468
1371 523
511 1137
1004 1005
1869 1949
1346 1569
603 91
1459 1447
1155 1405
441 1038
396 404
660 956
1011 1592
156 165
765 1685
1118 1130
323 321
1226 920
127 985
1759 1764
864 1815
1695 1696
1535 1536
597 485
1698 1699
1065 375
1089 1878
166 1941
683 1592
1260 1095
1927 925
1690 826
1873 1886
454 390
1399 1354
187 190
1515 1054
284 1885
1822 114
924 1185
1408 1410
1005 1007
1721 1722
1587 1579
292 1437
2011 2016
458 942
1260 1920
1917 1354
11 13
117 341
284 475
1129 1781
751 1903
1249 571
1316 230
65 1088
346 1273
1837 1251
1440 1445
553 907
1365 1378
1937 1926
1845 1849
1001 740
272 1321
297 295
1843 1916
473 414
617 620
1027 1275
1865 249
1324 1151
1294 227
1402 1170
795 469
642 1794
1319 403
1813 1048
303 399
628 1015
1674 1598
1206 175
1780 885
993 910
1874 1565
905 237
1589 1595
1010 669
224 213
21 527
1625 769
945 954
749 1841
412 849
359 455
412 626
1622 1265
1092 734
1499 914
1832 891
434 1622
1820 1824
1820 368
580 1613
66 940
1451 1459
120 436
1933 1800
1172 1862
823 681
1824 1826
1824 609
2008 97
632 1503
1824 1031
777 798
273 1578
1158 985
1073 1715
277 1261
74 526
1748 1752
773 1202
633 1679
1395 1397
495 1121
1844 529
1531 683
719 714
1848 1850
1020 1683
1474 590
1495 1398
1374 1378
1140 1146
985 996
1712 333
1886 1891
1283 664
610 710
1014 1016
794 1997
1231 1222
841 1178
2000 1776
1494 1535
976 1222
544 213
61 1452
582 1717
1942 2020
804 1341
1099 1899
1905 1908
875 838
155 1941
37 1537
1855 1860
1657 1738
395 1250
512 313
314 318
1544 1541
680 1826
362 1816
1946 1982
1821 1049
1525 1536
1000 824
345 358
1993 1995
859 434
35 37
463 128
1068 1002
53 642
936 868
637 1378
418 1582
374 203
1621 1622
729 52
969 919
1621 1029
1474 1464
1859 1403
915 918
1270 1273
1128 1090
1700 1392
1740 331
56 1417
374 1247
24 19
895 773
1442 1016
170 1725
200 262
1628 1684
1165 1174
882 1957
458 1708
689 303
786 788
1631 1684
209 211
1416 1436
568 581
186 189
1995 1196
842 843
570 767
803 814
1604 1661
1837 1200
1785 1921
111 1582
1155 1647
1185 546
1640 1635
315 317
235 1616
755 1351
945 971
1896 1942
1891 1871
1225 207
1596 1856
1645 1646
1180 35
1476 1477
929 1493
1481 703
86 668
1706 1432
1105 745
1963 1967
832 856
845 832
603 935
929 546
126 463
1353 1354
757 1202
1498 1489
1469 1500
1711 1746
1536 732
1253 1436
574 576
1369 1376
747 1119
354 885
983 320
1455 1478
1039 696
304 689
1669 1670
1669 1205
1669 1296
1670 1671
1670 1204
1404 1652
1671 1215
1227 247
643 1600
1896 1870
1064 27
1803 1682
1556 1495
1476 1139
1912 206
1437 249
567 564
177 3
365 143
1977 1633
1875 1894
654 607
1561 1006
194 187
324 1436
1063 533
361 1626
813 1828
966 969
646 713
1071 843
90 1177
1246 1249
479 1227
1737 1739
1686 913
1686 1115
1480 1568
1075 1078
1586 1481
1475 79
627 487
739 1192
1691 1692
1308 902
1394 1382
1810 1844
226 243
907 751
128 261
418 454
1559 1144
873 709
1567 706
65 1101
1439 1446
610 1044
2014 2003
1408 919
1975 482
1423 1086
837 839
859 862
612 1044
1110 1090
497 499
1525 1532
1707 1522
1857 216
1288 1547
1659 1202
1921 921
1490 1822
1371 847
1654 43
1329 1347
1264 1323
663 684
1932 1389
1740 1107
128 131
578 1206
558 778
842 1282
124 126
743 1065
247 646
1370 1380
798 1694
908 418
995 1511
1803 1798
483 1818
1900 1972
1839 1842
333 1697
475 460
607 1111
1839 1857
1775 1778
964 1460
1362 1420
512 523
1627 1624
758 1328
1766 1767
1730 1731
1730 1157
1320 1513
1499 1502
1120 764
1733 1148
1804 1779
906 915
1733 1734
264 198
1385 1394
1465 1838
45 1085
1330 200
1737 1734
1799 1379
1219 1223
1253 324
470 777
207 1285
1408 1747
132 135
93 1975
1525 1542
1020 1046
1822 1833
59 1417
930 1508
223 645
412 1850
1667 1689
1657 1092
247 658
1229 207
1335 265
150 184
1757 1758
1496 1497
1725 1051
1183 271
1760 1758
1760 1761
82 84
1761 1838
1071 680
1342 1343
1762 1763
833 233
312 319
98 1051
1555 1471
1889 1928
408 1550
751 672
774 1506
392 381
962 1346
786 1157
1702 1706
136 977
342 1616
2010 2012
2010 1660
53 55
1360 246
1487 1573
1961 1964
1834 988
287 289
556 573
1870 106
1064 522
259 264
1344 926
1467 754
159 98
531 533
978 608
624 1525
1873 1897
1593 1615
177 1923
752 309
572 608
1303 904
297 791
7 378
1802 281
1531 1016
556 523
622 608
1294 1906
1330 1292
1101 682
1234 1236
1996 826
1400 1427
490 315
1140 843
1798 1852
639 1516
1409 1376
752 280
1041 352
924 929
1642 331
1806 1803
1806 1807
1807 1808
816 1572
360 1105
322 875
1180 583
486 97
846 1178
1789 1792
878 962
534 536
1331 315
908 923
1817 1812
811 1299
756 778
1058 1105
618 1781
1101 1583
966 761
1697 1701
1053 1237
726 1816
1934 1999
578 1676
836 842
59 171
1228 1230
1766 1991
448 496
1829 1830
1830 1831
1831 1832
1017 870
521 1774
775 1525
416 848
805 1373
724 726
362 1621
697 709
1895 1898
1693 296
1321 1318
1849 1437
1038 673
1874 1306
71 1390
1790 1332
1913 1889
726 1265
482 1889
1787 176
1821 1031
538 477
1567 1306
355 357
252 646
1532 1542
152 115
435 437
1144 480
2016 1691
362 999
1668 399
1457 1650
1899 921
1857 1858
76 722
1195 1211
1020 244
500 503
455 508
509 1871
1331 873
185 615
1888 1893
135 460
1425 1436
1596 171
1128 719
1679 1516
1100 1125
1865 1866
1396 233
55 1189
1906 1285
1509 1557
1930 1941
1768 1763
1344 519
1024 1051
1210 1212
1872 1927
345 838
1186 1300
757 773
660 748
1710 1707
1678 1681
999 1029
1947 797
666 668
1130 1284
1155 1196
532 556
775 1536
488 491
1721 320
836 1826
473 48
1069 1076
822 1000
413 415
923 456
725 1732
336 362
420 1450
486 557
1472 1459
1702 1816
1485 1654
265 609
1629 1684
1504 1091
1680 626
848 1302
1071 1776
431 1892
1898 561
118 1847
977 32
74 76
755 501
1965 1969
738 1096
1473 288
1740 1642
1458 5
860 883
620 1836
307 398
1265 362
64 66
1671 1218
1246 488
1161 1172
292 163
1746 1750
1778 1782
1396 905
1825 2022
1912 1913
803 1165
1451 1054
1223 1386
57 1673
165 996
1451 1466
518 490
1047 1051
1101 51
1973 1418
635 1367
205 211
1056 1096
1756 1843
1566 1346
1634 1917
227 208
243 875
1080 519
1236 361
1188 1190
698 990
1366 1802
1144 911
1213 1210
1660 22
1789 828
55 1968
1397 852
1426 1430
1937 1938
565 1936
1938 1939
1424 1430
975 1217
1615 1006
1913 1915
413 1791
1496 1482
1985 1988
677 1531
1944 601
203 149
1249 1252
1571 1572
1037 1639
510 572
882 597
1229 1805
409 418
249 1866
425 427
1458 395
863 1945
502 1892
674 1970
1954 1955
1448 753
1094 604
1955 1956
1955 1957
1746 851
561 565
1168 1364
251 1565
814 1663
596 1954
904 792
1860 129
1455 1456
192 194
1636 732
1295 1820
1642 1645
1510 1513
650 1583
911 870
1965 1966
1425 1253
1058 746
133 135
999 1623
1238 1245
908 900
1969 1970
1906 1779
225 1731
1327 1344
1974 1970
1814 1815
1991 1064
883 932
1977 1978
1729 226
1769 1945
1707 795
483 1248
1360 1802
1101 39
585 623
1793 1500
1470 1578
1912 116
1479 1760
712 701
758 767
1399 1463
639 1362
1270 634
1632 342
1301 1185
1888 909
1485 1558
1751 1408
772 774
1649 1961
2005 1700
1182 1655
808 1606
1369 1484
1586 1934
1368 212
624 585
1230 1937
1555 1566
1641 733
1456 498
1908 1889
1387 1444
1733 1618
1170 1855
1091 1243
1040 1046
1949 1104
1800 1801
1953 385
2009 2010
1887 1910
1576 1917
1629 766
477 1773
1116 1861
687 1501
1827 1910
240 754
1149 140
1204 1205
1617 1338
626 411
966 919
871 884
1513 1148
172 1923
5 2017
5 7
1766 27
758 765
17 7
1678 643
467 736
450 927
829 1295
1758 656
551 1228
1899 1173
657 820
975 977
1118 630
1923 1074
304 810
1386 1658
335 337
1263 1267
1071 262
675 677
1038 1872
973 679
1438 1465
1829 1534
1344 355
819 742
296 1628
1014 2006
15 1303
243 1729
465 741
1393 86
659 662
685 380
583 123
1593 912
574 1578
584 1936
1480 657
133 311
960 966
270 174
270 275
1345 130
566 1992
367 663
1755 1087
864 2004
210 262
1179 1424
307 316
975 1962
34 145
108 83
791 301
552 1592
1958 1607
577 634
139 977
395 630
1078 1719
953 958
1692 333
218 219
1638 1386
1658 1603
1892 1895
661 1365
1012 1797
1361 1600
926 357
339 1959
602 381
1030 1243
1721 855
777 235
725 1120
315 610
649 650
1469 1564
491 981
927 448
2006 1927
