2023
4
0 1713 196 1415
3601
552 629
1260 1953
299 1098
206 1905
581 684
1152 1291
677 1459
1590 1593
1018 1872
1640 1642
1877 1878
502 509
1094 1722
740 1708
944 946
1891 1898
341 370
72 1388
285 1993
453 933
368 609
205 1884
1533 1537
393 409
54 1952
571 1016
1258 1593
1398 1864
416 1302
219 1714
527 530
1048 1050
63 67
1928 1975
331 1635
100 1701
1742 1752
0 1
0 1597
1508 1510
1140 1391
303 1296
520 889
259 1710
83 1489
601 607
1079 1082
1350 1491
4 8
1013 1740
1131 1741
8 11
1780 1786
11 492
1474 1479
984 987
13 386
673 675
1529 1577
15 1262
375 461
455 1680
581 584
16 19
584 1944
124 273
1491 1524
1164 1540
749 1278
24 25
24 547
1602 1607
1524 1529
1145 1559
1716 1726
303 1355
224 340
27 2004
28 29
7 395
1061 1063
28 1524
29 30
29 1149
29 1529
30 31
30 1201
30 1560
31 32
1200 1523
31 260
32 1217
466 1147
80 181
3 6
452 2008
34 48
267 502
34 414
1529 1560
35 1238
64 1805
35 750
1223 1638
258 1201
1035 1047
267 1892
37 123
1675 1683
1067 1069
1894 1929
1326 1330
67 152
37 41
52 1594
1342 1509
1783 1869
41 1537
1304 2020
213 340
1245 1253
635 1444
43 1653
1495 1496
1683 1759
44 1473
44 1488
1251 1523
1475 1612
991 1106
0 32
736 1703
46 47
47 1299
111 113
48 49
1387 1679
225 262
1131 1134
321 1935
50 474
1199 1406
495 1068
1012 1723
490 1331
205 2022
1436 1811
88 129
704 1093
1153 1239
890 1585
1851 1854
1832 1837
1854 1867
56 474
750 1188
765 1328
58 59
58 636
1482 1497
486 1132
1150 1152
1385 1388
3 373
1515 1518
1720 1819
523 532
1088 1091
208 1368
1546 1690
566 683
695 794
1804 1835
804 1168
1784 1844
928 1666
1362 1604
837 1112
500 1252
353 1574
1017 1145
1870 1932
1496 1558
525 811
388 1090
708 1208
58 1596
1545 1552
70 71
70 543
71 72
359 847
553 1303
983 1723
72 73
73 74
583 1705
61 724
342 686
99 990
906 1893
76 77
1037 1744
1340 1482
77 95
877 1533
1447 1451
1 659
1603 1604
78 155
616 1495
754 1570
80 81
635 1595
80 183
81 82
81 1244
405 424
82 422
68 70
628 645
84 85
614 1042
84 192
1169 1171
85 1059
2 2007
1388 1390
87 88
132 1882
400 451
129 1862
89 90
324 874
467 657
346 353
90 1176
589 1233
400 760
1599 2018
402 1787
695 1334
423 425
95 1166
305 810
529 1940
704 1112
1875 1922
96 101
101 102
101 274
792 1181
102 103
102 530
102 531
103 104
36 103
21 103
104 105
57 432
104 1755
105 106
816 1574
105 199
1632 1665
898 1582
106 1554
1239 1250
472 1001
152 436
1255 1287
107 110
110 111
1672 1694
146 392
21 1418
113 114
1151 1336
1420 1687
293 764
1554 1896
389 1061
117 118
1604 1681
300 1900
1304 1561
776 1340
1315 1590
285 1990
1315 1428
808 951
122 124
342 1195
124 1108
478 1214
761 1312
178 1102
1907 1924
859 1989
1994 2002
1192 1250
1041 1053
464 1578
580 587
131 137
131 138
131 662
132 133
38 1825
496 1608
36 1755
631 1699
1003 1593
135 136
994 998
71 74
1915 1922
482 1928
194 196
138 139
1664 1920
273 464
894 1013
170 1024
933 1614
140 141
931 1131
140 1759
52 1856
141 142
141 1764
141 1125
142 143
142 1100
142 1363
143 144
143 1799
654 664
144 145
1325 1348
1948 1967
146 147
1483 1762
1174 1547
147 148
147 179
147 180
148 149
1324 1591
1881 1911
1100 1799
149 1176
150 151
1086 1089
1184 1596
1125 1491
1019 1038
750 1190
1464 1796
350 1053
1753 1757
895 1045
1731 2000
9 12
513 629
92 1177
1235 1247
157 180
637 1687
158 159
1167 1639
159 160
277 1325
1325 1548
1145 1150
163 164
501 1132
638 643
10 389
474 1594
90 92
10 1342
981 1252
831 860
306 347
389 1509
835 1974
993 1055
1849 1865
1261 1369
469 620
1610 1661
1057 1263
1078 1192
416 1023
853 1434
278 326
918 924
932 939
98 1047
145 325
512 1792
180 181
180 1176
14 21
181 1177
997 1759
183 184
329 1199
184 185
1294 1298
1264 1416
898 900
708 1104
1715 1797
227 229
1367 1395
697 818
470 950
826 1711
1423 1612
650 1035
831 1049
993 1210
190 191
190 443
190 196
358 367
191 197
191 442
42 45
192 1059
100 377
489 1834
1076 1998
45 51
1908 1912
833 872
1215 1216
13 15
200 210
196 197
196 1973
922 1716
230 1057
1010 1645
678 1459
176 216
199 1554
199 1755
1363 1764
278 1729
730 1441
201 202
201 2020
201 1087
467 956
47 1488
60 1793
990 1752
17 1130
1343 1557
148 374
860 1809
204 223
109 1691
1657 1709
632 776
1157 1776
14 1973
207 208
330 1633
962 1404
208 209
1715 1965
1311 1317
643 796
1653 1654
1419 1735
50 52
120 121
1423 1968
644 665
1534 1812
1494 1533
1037 1039
160 640
241 1985
341 1108
307 1643
1701 1984
25 27
220 221
1383 1855
359 1680
221 222
195 221
222 223
809 1624
704 839
775 1703
39 1975
1085 1088
612 700
1230 1938
348 1206
1037 1191
53 1159
370 1412
1010 1709
1080 1288
1490 1847
829 1789
229 230
1257 1272
357 847
212 229
230 231
1056 1719
1662 1682
789 1744
231 763
50 1441
1105 1159
152 153
1215 1254
991 1573
206 218
498 1478
1437 2008
503 513
1197 1198
930 1739
343 1436
236 237
1025 1851
236 283
236 725
1947 1976
237 1117
637 639
238 239
1660 1715
1241 1841
1654 1661
1837 1839
1285 1294
940 1144
241 242
246 661
74 1394
241 286
558 904
1374 1434
242 1730
242 1333
244 245
1449 1966
146 157
562 737
867 868
830 1067
316 1901
206 1714
1182 1426
776 1589
194 721
106 191
335 349
481 672
1093 1112
250 251
250 655
250 713
747 1045
535 1677
252 253
1290 1370
886 936
247 252
253 254
449 927
678 683
254 1674
21 530
423 1767
255 659
255 1674
402 1790
193 1316
257 258
61 1231
257 1675
84 1177
258 1597
1180 1188
1852 1901
427 824
478 1213
260 1560
260 1217
731 1184
260 263
182 186
982 1071
263 266
736 1694
189 193
268 269
335 348
928 1663
54 1419
271 272
271 526
1136 1794
441 673
272 527
1990 1993
291 667
1337 1485
2 760
274 530
26 274
1842 1858
1414 1416
255 1046
276 277
543 1390
1179 1426
76 721
245 253
244 479
1097 1255
1520 1927
639 1420
1313 1493
408 410
1726 1728
980 1441
1580 1586
387 1351
247 250
47 1606
394 396
282 283
282 347
282 905
195 204
283 1107
647 1387
285 286
285 1730
1446 1689
845 883
965 1067
856 939
324 1238
969 1650
995 1702
1322 1405
10 202
1136 1841
251 1567
1374 1687
291 670
1029 1622
568 584
706 713
293 294
659 1674
293 766
294 295
294 1109
574 1470
295 296
295 1628
1062 1626
296 297
439 1896
297 298
297 1693
1392 1762
651 1715
693 791
430 1614
298 301
964 1575
301 302
327 1406
301 793
302 303
302 693
302 694
303 304
485 588
1833 1847
304 305
304 1296
574 1822
1853 1866
305 812
305 1254
1193 1254
969 972
9 1261
50 1594
224 228
1187 1702
1094 1096
308 309
1717 1720
276 770
1442 1531
294 1629
562 1507
500 1992
522 545
615 617
911 1017
477 1861
778 911
1010 1013
814 928
1966 1970
1490 1833
339 1665
514 1601
1211 1971
241 285
300 1972
124 1578
52 59
882 1954
334 337
537 541
960 2002
172 177
532 573
216 1415
179 374
585 589
538 540
1025 1472
802 1167
1496 1575
1878 1879
44 1460
1920 1923
1616 1972
1307 1349
322 326
327 328
328 329
328 701
424 544
762 891
56 59
330 331
914 921
1386 1603
637 1431
1187 1424
1411 1413
64 1565
450 453
25 2021
334 335
800 1327
1193 1425
619 1677
243 278
1562 1788
578 1233
236 1120
337 338
1478 1481
757 1048
468 618
338 339
338 348
179 392
467 648
1462 1463
1008 1135
810 1193
94 152
466 1757
343 344
27 2021
343 1270
1220 1705
344 1264
344 346
346 801
552 1601
931 1773
348 349
805 848
450 1614
349 350
349 1053
707 720
350 351
350 1319
403 712
351 352
351 1041
351 1042
352 353
352 614
822 826
160 1155
353 815
656 821
354 355
354 1288
354 1290
1792 1809
1149 1201
355 519
1182 1589
1466 1472
1025 1466
1280 1281
1169 1808
357 1370
671 800
678 1531
469 1211
23 666
1056 1153
360 361
568 1936
1010 1642
1395 1453
928 1681
1851 1883
504 508
363 364
1595 1689
364 366
1191 1352
424 432
366 369
369 554
369 1987
369 1810
1052 1055
371 372
372 373
1467 1480
18 685
287 872
1577 1579
516 517
616 1346
1027 1033
1704 1745
39 93
1186 1187
51 1085
1688 1793
1532 1533
234 1538
376 381
664 685
1014 2001
734 1742
1827 1834
1289 1491
99 698
1204 1324
715 791
1867 1942
1023 1302
1828 1914
881 1564
734 1748
402 1415
1322 1995
1155 1995
1407 1460
1314 1324
1291 1297
505 508
1476 1699
1006 1256
1071 2000
417 1982
130 1782
1152 1154
390 393
1219 1705
797 1976
1233 1237
406 407
144 414
256 1987
407 408
1151 1786
78 80
304 1364
738 1092
401 704
251 702
411 412
840 1178
411 1440
159 1725
1019 1442
413 1395
1 139
648 660
1882 1907
202 1304
561 934
415 1511
415 1446
1058 1142
416 753
457 847
110 410
416 754
478 708
87 447
1537 1840
1280 1540
1553 1591
441 1867
1372 1374
420 848
1416 1425
1902 1998
422 1244
666 713
648 688
195 222
1414 1429
200 1993
752 1925
1081 1106
909 1345
127 156
1829 1831
1208 1210
1462 1586
427 428
891 1831
427 1827
428 429
428 824
874 1238
1067 1546
1273 1828
798 1413
1322 1326
930 931
1009 1526
1500 1564
433 434
1399 1403
153 167
1123 1498
284 311
999 1621
296 784
435 1520
64 702
549 1505
353 1828
437 438
437 1870
1948 1963
438 439
446 965
438 1896
198 1692
1323 1414
1563 1834
398 920
1651 1653
1406 1959
842 856
942 946
441 1854
442 443
800 1850
443 444
1550 1960
1481 1580
1039 1744
429 1563
831 1820
1630 1638
918 1301
447 1059
448 449
557 1918
449 450
202 1375
458 946
633 1444
1772 1989
1287 1926
1152 1297
1095 1971
930 1737
62 285
413 1711
419 445
1716 1728
657 771
1494 1651
463 464
234 464
878 1650
465 732
1208 1353
250 1565
691 1744
1286 1393
702 1565
469 470
1413 1694
830 865
462 699
389 534
809 1625
433 1772
91 240
91 2013
67 436
111 476
1610 1654
479 480
1152 1805
903 1702
479 997
480 481
1690 1746
480 971
1405 1647
481 945
1126 1301
950 1694
483 499
506 597
729 976
2005 2009
37 1386
229 901
855 1648
214 748
198 1697
485 488
88 95
488 506
861 1137
648 956
504 505
261 977
1203 1557
100 1971
1696 1698
1986 1994
53 1062
1084 1308
1417 1880
50 1055
1280 1314
446 1690
513 514
1445 1699
687 1454
1511 1706
227 1298
505 807
800 888
790 1393
1718 1972
695 1356
1398 1569
1353 1880
316 1852
294 1628
621 1676
506 507
617 1836
645 1015
507 595
507 596
264 1701
494 870
510 511
355 1370
372 1836
672 911
1164 1165
922 1365
515 959
403 1043
313 827
1219 1551
1275 1593
392 394
1298 1779
493 495
407 1960
633 1687
1030 1504
557 1132
246 1175
291 1120
1234 1298
1695 1750
227 1236
18 275
433 1887
1032 1036
88 1620
18 1272
526 527
526 722
123 1220
527 1418
731 1300
78 151
1648 1657
1841 1931
69 879
36 531
1662 1852
1459 1501
843 1391
533 534
107 511
339 342
534 1061
540 570
280 282
1026 1883
536 537
536 1369
536 1509
24 549
537 1376
537 1557
236 1117
1613 1964
1028 1477
542 543
983 1719
795 1710
617 1486
1229 1835
544 545
1100 1350
1657 1722
264 795
288 1543
841 846
586 592
756 907
547 2021
382 463
464 1470
549 550
1181 1309
429 1000
1141 1686
984 1917
332 341
619 629
514 552
381 385
416 420
550 554
856 1282
554 1814
317 710
894 990
550 1815
972 1650
807 1310
578 1195
1032 1572
1032 1352
458 460
13 34
1036 1191
694 793
273 463
1036 1571
567 569
850 1728
365 1903
878 1625
636 1179
1135 2013
1397 1588
291 293
1029 1827
170 1114
189 559
901 1159
1603 1654
1225 1229
41 1603
578 579
931 1741
934 1892
676 685
876 1492
240 2013
1471 1480
579 621
625 1532
280 309
66 658
413 822
232 1771
1345 1775
621 623
446 830
655 658
468 486
1709 1738
545 547
913 1109
943 1612
592 1868
587 588
586 587
1367 1667
255 257
651 653
874 876
2012 2017
1863 1916
99 308
698 1752
17 1313
499 595
596 597
23 2018
1439 1689
467 741
924 1301
439 1038
1115 1117
832 842
647 1679
62 1731
414 1799
508 1680
52 1596
14 104
1042 1043
1727 1819
652 1924
542 644
112 232
610 611
1679 1687
1078 1153
611 612
611 709
611 1044
612 613
1375 1561
1050 1052
613 614
613 818
613 1043
1629 1631
614 817
582 1808
1603 1681
1037 1167
797 1943
1104 1890
674 1974
1665 1959
723 1788
257 1597
245 247
209 1297
1407 1743
85 87
452 1853
40 1028
601 1939
323 328
545 759
623 624
960 1751
703 1575
1138 1704
624 625
553 558
1042 1319
725 1107
1016 1018
625 1492
772 1641
626 799
1641 1651
469 1195
1403 1463
119 127
1260 1963
1378 1434
1223 1663
1425 1429
632 633
632 647
632 1338
1547 1584
1768 1771
326 358
1980 1983
306 990
314 341
1057 1884
635 1687
207 1835
1440 1698
825 834
637 638
427 961
51 1122
637 1361
638 639
668 1286
439 441
639 643
639 1678
474 1770
37 1207
707 825
1784 1940
54 63
59 1856
515 938
150 615
702 1232
1439 1655
529 642
1953 1979
494 1150
577 1492
1830 1832
773 1612
378 630
1551 1553
1138 1753
647 1420
1677 1960
71 271
272 274
333 1691
1573 1761
1161 1247
108 115
1219 1671
508 573
1473 1543
732 733
648 657
945 1363
291 764
801 1352
660 688
660 1919
217 223
706 1286
1512 1545
425 1887
1150 1559
743 819
1886 1897
947 1609
1258 1275
317 321
667 766
440 1047
315 710
1798 1899
434 1989
139 261
1983 1985
489 999
121 125
1860 1862
644 1160
806 1008
119 1647
689 693
1129 1823
683 687
677 678
663 1228
1404 1569
1065 1736
962 974
1221 1311
761 769
1182 1595
702 1795
1138 1147
373 1664
224 401
449 1609
889 959
496 1606
313 1789
674 835
565 568
689 690
1690 1750
689 692
689 1364
690 691
690 1168
439 1942
691 692
237 388
637 1461
692 693
1347 1735
522 2021
1530 1534
694 695
1314 1591
874 1777
619 1960
695 1668
1134 1741
696 697
696 1036
696 781
591 1041
811 1624
697 780
697 1571
1395 1446
705 1783
140 1125
631 1028
610 873
700 701
700 711
700 712
582 1807
701 1072
1988 1990
910 1055
36 1077
751 756
1495 1651
1168 1639
653 1449
315 484
163 1437
635 1667
709 780
133 1708
710 711
1520 1522
133 475
711 1072
711 1044
808 809
1067 1690
737 861
672 756
836 982
389 1077
715 716
715 1141
288 1455
716 717
1127 1423
583 1254
717 718
951 1606
714 717
265 786
718 719
718 1110
100 1984
698 1748
1322 1993
721 722
155 157
721 1973
1456 1460
722 1418
723 724
370 382
335 1319
376 1060
893 1547
943 1423
624 1492
1720 1727
1399 1859
671 1344
726 727
944 947
61 727
832 1826
728 729
728 976
1727 1781
1378 1431
575 591
729 730
730 731
42 1114
1302 1373
1725 1952
330 1120
864 1844
225 2000
61 79
1194 1226
871 886
204 211
579 1676
1053 1233
563 588
390 1490
110 310
237 1090
741 1636
109 333
158 1952
616 1556
670 1633
289 872
1666 1681
744 745
1170 1383
745 746
746 747
133 1882
670 1978
916 1866
785 1334
1696 1728
654 1981
421 1524
1133 1194
957 1562
844 845
1446 1453
844 1821
998 1002
759 760
1258 1854
126 1108
954 971
2006 2011
744 763
974 1457
783 1039
151 371
764 913
415 429
849 1848
1346 1555
1664 1701
999 1021
192 422
1184 1186
733 1535
1609 1611
1643 1852
1588 1711
771 772
746 1127
1717 1817
42 1539
1216 1218
1452 1475
1662 1803
1081 1098
156 985
774 1641
438 1872
97 468
43 1494
136 463
736 1672
319 1490
780 781
780 873
781 782
781 1128
782 783
482 555
372 1103
1201 1675
783 789
784 785
768 779
784 1997
785 786
785 1631
461 743
984 1614
786 1333
786 1334
897 899
1395 1434
431 934
788 1776
609 788
680 788
1462 1478
647 1661
1697 1984
1735 2005
714 789
23 1599
1801 1810
199 201
793 794
239 766
1712 2011
503 981
1638 1658
620 1932
1817 1819
60 548
797 798
179 602
1842 1845
114 1490
353 813
347 1107
482 1158
799 800
383 707
1615 1854
800 926
446 1067
801 802
577 1276
130 909
1638 1666
410 564
453 1611
294 766
804 1639
1420 1461
1463 1549
1996 1998
470 1195
281 1080
562 861
1034 1122
1009 1011
1846 1848
491 506
810 1364
1615 1867
1613 1868
288 1463
812 1215
812 1296
812 1670
1144 1227
634 813
1086 1940
575 813
1713 1846
815 816
815 1574
816 817
412 799
817 818
817 1572
818 1571
1464 1483
1223 1551
361 746
1295 1370
460 942
326 345
830 1699
1123 1700
1397 1434
976 1816
1250 1458
643 814
909 1438
827 828
827 847
827 1370
827 1371
681 699
828 829
1945 2004
1620 1862
399 694
461 740
529 1801
859 863
20 2018
604 1721
1401 1757
1610 1617
636 1999
1644 1813
466 1753
1283 1287
77 721
894 1010
1467 1471
920 1030
1576 1634
28 140
835 1977
839 840
840 841
28 1125
677 1442
633 635
444 615
772 1506
733 1494
121 436
473 594
213 846
1411 1919
1166 1855
325 365
849 850
1777 1811
850 1846
1591 1671
1519 1523
851 852
365 945
851 1588
440 985
852 853
1940 1968
1184 1300
853 1378
145 553
853 922
852 1716
1742 1748
430 819
329 712
1220 1223
678 1501
342 1206
148 1235
1058 1813
1149 1683
289 1128
107 515
470 1616
631 1310
360 1236
57 279
339 686
862 863
863 864
863 1877
453 458
368 1335
69 1499
1718 1900
39 1255
220 866
220 869
869 870
195 869
794 1334
749 1384
1399 1576
387 538
872 873
872 1331
632 1339
873 1128
958 1994
510 938
238 667
572 978
579 950
958 960
214 660
876 877
649 1583
375 472
1569 1575
130 915
675 1472
854 1879
1263 2022
878 974
498 703
579 787
880 881
880 1315
854 859
1496 1864
881 1590
638 1637
1097 1283
168 172
93 1287
97 1132
323 327
1586 1589
612 1043
897 1082
1624 1743
889 890
469 1836
22 2017
657 741
902 1198
805 1650
41 43
497 1121
1745 1753
1719 1723
1137 1507
957 1612
740 742
1692 1697
1646 1648
1335 1357
1066 1070
516 550
477 1131
379 880
238 1983
155 181
1284 1313
210 225
1556 1651
252 666
384 1882
495 497
138 659
1535 1542
513 552
784 1684
868 871
317 518
1468 1484
134 162
517 550
547 2014
109 1692
1034 1035
1233 1676
901 1626
1054 1521
739 1458
820 1506
1549 1576
420 1457
774 1556
1027 1054
112 1763
365 751
336 903
674 1966
892 1708
254 1046
101 276
971 997
757 1612
1081 1893
397 1320
626 631
517 521
843 1282
688 1016
44 46
335 712
1031 1049
1270 1276
1439 1706
986 1592
1495 1864
882 1961
208 1154
244 254
465 467
848 1023
1155 1322
946 947
112 1838
97 397
465 1703
1749 1869
1602 1644
1685 1756
1933 1987
459 551
460 892
951 952
1048 1659
1234 1602
952 953
1070 1071
1092 1094
79 1231
1372 1687
865 867
708 1890
41 1494
357 359
1258 1883
409 1582
1304 1867
50 171
113 1619
464 977
1633 1635
203 1247
561 1936
0 139
962 963
419 1382
962 1627
963 964
963 1404
963 1407
285 1988
964 1652
1081 1888
1276 1777
1097 1102
1751 2002
117 1847
966 1312
1432 1439
636 1462
231 1263
804 810
742 743
1080 1327
129 1855
793 1693
50 729
237 283
122 574
893 1584
1106 1916
769 972
1540 1584
52 171
448 1488
1974 1977
974 1555
1207 1537
1079 1998
487 535
1127 1189
1482 1580
1020 1040
1023 1443
520 978
1736 1783
621 1672
983 1721
850 1698
354 1381
241 1629
313 1371
1151 1205
636 1589
988 989
503 627
851 1728
989 1511
989 1563
219 875
1601 1992
971 1764
765 768
89 149
964 1456
772 1636
1784 1877
1146 1292
59 1594
189 1982
1849 1853
483 1121
572 737
167 1114
209 1368
915 1782
593 1920
1105 1119
1823 1829
903 988
437 1927
318 456
1766 1769
1009 1515
884 886
276 531
1312 1625
844 883
1264 1436
826 1546
1134 1704
191 1932
1018 1019
1640 1646
1220 1386
735 1245
1904 1918
1794 1800
925 2016
226 875
1025 1026
1026 1027
165 1905
1134 1138
1343 1469
306 308
1483 1796
981 994
1057 1316
1192 1723
312 314
925 2006
200 225
1858 1866
723 957
664 676
685 1279
73 1385
135 384
1165 1581
1046 1675
20 86
31 258
1360 1366
1354 1859
26 33
393 454
329 334
813 1909
462 1390
821 991
910 1143
1226 1243
1400 1401
251 1874
178 1088
419 1394
1171 1173
1173 1527
1765 1822
829 1809
193 417
1573 1758
448 1634
382 384
724 1475
1034 1114
451 545
1053 1206
796 1175
1347 1419
318 319
420 805
943 957
619 627
670 1980
1462 1999
810 1414
236 764
1543 1634
1174 1802
77 447
491 493
1978 1980
98 1647
1794 1931
566 571
1082 1083
1332 1498
1083 1084
1083 1308
125 134
442 1932
401 846
198 1710
174 380
1253 1811
444 1486
69 83
397 1116
1089 1784
1089 1788
673 1025
1345 1438
919 1410
1454 1515
893 1314
466 471
1495 1876
440 1158
777 797
1693 1997
1073 1969
1446 1706
779 1863
648 806
308 1925
1066 1140
1286 1306
132 475
1070 1140
17 1493
1052 1659
589 591
934 1895
744 1159
1771 1775
1575 1580
306 1013
535 562
454 456
1260 1971
1329 1735
225 1071
1260 1967
1063 1077
1035 1122
277 534
1522 1691
953 1986
1394 1402
667 670
528 884
1410 1747
275 398
1922 1926
186 193
922 1846
1079 1902
543 1160
54 158
1632 1718
679 807
1749 1783
299 1081
719 782
373 1103
716 1141
1986 2002
730 1300
234 1470
1561 1590
151 183
525 808
487 1677
936 965
219 226
1204 1671
641 644
938 978
1160 1163
773 1452
211 1884
1275 1293
48 492
549 1950
1142 1143
900 1240
18 380
1062 1159
1376 1552
830 867
1144 1145
290 307
764 1109
510 861
1277 1350
20 790
682 1255
744 749
825 857
193 1263
590 1401
819 1242
1103 1836
728 1186
168 1930
448 987
467 1703
62 1993
1539 1544
973 1310
1420 1661
47 525
22 1192
929 1782
1815 1950
65 682
118 122
299 1888
429 822
357 799
415 989
768 1685
1101 1122
585 1676
1663 1666
740 933
589 1041
58 1403
616 774
757 1659
906 909
1340 1586
275 290
1554 2020
56 1208
843 1070
13 145
1949 1958
640 1196
65 178
137 662
204 1297
406 986
1558 1653
315 518
203 1161
683 1601
1428 1724
1176 1177
397 452
802 1264
64 1229
137 311
657 806
877 1207
1367 1372
89 1172
589 624
705 1104
1430 1432
895 1612
1514 1523
477 1116
676 1981
552 986
757 895
653 855
252 1599
1314 1553
1801 1987
388 717
297 715
944 952
98 119
626 807
814 1164
336 1021
585 1233
20 1885
1298 1906
485 688
623 1672
262 1066
623 1525
1187 1706
984 1634
453 1614
1075 1239
906 1126
1223 1280
690 1037
723 1879
1212 1213
1213 1214
809 811
435 1932
913 1117
105 197
1143 1231
647 1362
242 1629
1498 1787
433 1622
1217 1224
553 904
1090 1396
859 1878
1443 1448
245 1227
469 1103
66 1227
295 1686
1142 1813
461 472
1186 1702
807 973
655 1232
484 518
484 490
734 738
116 459
1630 1666
346 1032
334 1199
1154 1297
218 838
1461 1516
332 1907
947 951
881 1375
1808 1812
393 418
1011 1454
798 950
1099 1502
1415 1618
1500 1688
1649 1964
885 893
1859 1880
1279 1283
288 1462
107 959
1594 1856
266 268
692 791
383 431
1630 1658
1368 1884
994 1433
50 731
455 457
1365 1713
581 1938
524 1027
705 1242
1259 1260
1957 1961
1948 1953
423 433
455 573
233 280
1507 1550
1575 1652
804 1323
716 789
1031 1826
1068 1121
1424 1426
829 831
515 889
1268 1269
98 160
1269 1271
1152 1225
101 531
1271 1274
933 1708
897 1308
443 1389
1274 1278
406 1009
114 390
1093 2019
53 1136
970 1004
822 1996
445 462
374 376
746 1105
495 1002
1361 1365
18 174
470 578
736 956
736 775
122 1578
1630 1681
1506 1566
661 1175
668 706
1242 1890
887 892
1465 1487
1154 1291
899 902
185 187
842 982
241 766
757 1045
854 1265
388 1115
1400 1435
176 1415
898 1585
217 645
1700 2010
200 1322
1016 2006
162 1498
15 1309
1899 1901
1403 1417
2001 2011
1592 1601
1457 1467
1943 1947
1045 1048
76 1170
14 197
1787 1790
685 1272
997 1020
1299 1460
1627 1743
79 1202
811 1407
160 1647
1200 1528
578 787
225 1993
500 514
278 322
671 926
0 258
643 1361
1218 1705
656 1757
1354 1576
1018 1442
490 833
667 1980
542 699
1445 1698
1323 1341
446 865
792 1303
230 1159
754 2013
1157 1333
1333 1631
1334 1335
23 86
265 1334
1335 1336
471 779
1810 1814
1336 1356
1336 1357
1543 1549
1337 1338
1337 1339
894 1752
1337 1610
323 1072
1339 1340
1339 1497
167 170
1122 1583
1164 1280
1517 1519
542 681
556 1371
1342 1375
973 1028
705 708
187 444
1480 1570
314 652
745 1062
128 137
214 603
789 791
1502 1504
1939 1944
688 1246
1527 1528
112 1474
1858 1865
858 1785
166 168
1343 1688
1528 1530
555 649
1767 1991
695 1335
1355 1356
1355 1668
1355 1669
616 1876
1205 1356
88 92
1357 1358
1357 1786
832 836
1358 1359
368 1358
1358 1780
1359 1820
1359 1381
1295 1359
796 814
1360 1713
554 1754
430 984
489 1021
580 1961
332 652
1305 1926
1485 1497
66 1232
628 1007
115 1544
331 1732
423 961
570 758
694 1668
1119 1127
373 795
1915 1928
1302 1443
803 1164
535 1550
504 679
802 804
1539 1541
1575 1864
158 640
612 697
1945 1989
1380 1381
1290 1380
1295 1380
1381 1780
144 325
1382 1383
1382 1402
470 787
1884 2022
996 1158
1595 1655
493 981
953 1625
1280 1551
79 1452
1373 1747
340 1064
735 750
1673 2015
942 1611
434 854
1435 1734
813 1041
1556 1876
1142 1214
288 1481
1135 1570
1691 1712
298 1693
1349 1673
284 887
959 1585
59 1634
205 217
1165 1360
493 506
654 1305
1292 1326
1747 1751
762 1845
924 1782
281 1366
1649 1957
157 166
655 1565
776 1595
996 1905
494 1297
1139 1477
874 1276
1073 1329
732 772
65 1085
675 1025
968 970
551 1929
546 924
1411 1943
774 1346
1054 1656
1415 1421
1030 1502
644 699
1447 1454
213 522
1166 1170
1412 1907
1732 1740
727 976
370 1108
956 1413
1769 1772
367 383
1517 1785
1129 1819
947 1608
455 556
1558 1651
1738 1742
534 1261
495 998
515 520
1102 1133
235 1976
771 820
1179 1596
662 1598
1598 1599
1853 2008
295 1109
233 287
1819 1823
1607 1644
675 1019
903 995
575 577
688 1014
1309 1311
563 586
51 65
1608 1609
918 1126
890 898
990 1013
235 300
603 1008
1736 1749
1566 1568
227 1285
960 1994
735 1425
1039 1191
1767 1772
625 877
669 1752
782 1039
428 1834
580 592
837 1084
858 879
1739 1745
1052 1143
1931 1933
1001 1708
1517 1787
672 1903
542 665
1257 1279
687 1592
308 990
177 1930
259 373
1190 1193
1624 1625
193 231
1401 1435
580 1964
185 1244
1398 1876
1950 2004
830 1695
980 1022
1447 1501
1167 1352
1871 1873
1024 1034
428 1563
1182 1432
768 1843
691 789
1421 1427
885 1324
1146 1326
651 1012
94 120
489 988
239 241
796 803
1076 1079
435 1927
1134 1745
1606 1608
1727 1904
1175 1361
1486 1932
385 392
1417 1859
878 972
354 1547
1790 1796
1462 1934
270 290
168 394
603 748
405 544
1077 1087
742 1614
1013 1107
927 987
10 1087
878 1627
214 935
1533 1542
289 1090
980 1231
85 447
91 753
172 391
292 468
523 1371
511 1137
1004 1005
1869 1949
1346 1569
91 603
1447 1459
1155 1405
441 1038
396 404
660 956
1011 1592
156 165
765 1685
1118 1130
321 323
920 1226
127 985
1759 1764
864 1815
1695 1696
1535 1536
485 597
1698 1699
375 1065
1089 1878
166 1941
683 1592
1095 1260
925 1927
826 1690
1873 1886
390 454
1354 1399
187 190
1054 1515
284 1885
114 1822
924 1185
1408 1410
1005 1007
1721 1722
1579 1587
292 1437
2011 2016
458 942
1260 1920
1354 1917
11 13
117 341
284 475
1129 1781
751 1903
571 1249
230 1316
65 1088
346 1273
1251 1837
1440 1445
553 907
1365 1378
1926 1937
1845 1849
740 1001
272 1321
295 297
1843 1916
414 473
617 620
1027 1275
249 1865
1151 1324
227 1294
1170 1402
469 795
642 1794
403 1319
1048 1813
303 399
628 1015
1598 1674
175 1206
885 1780
910 993
1565 1874
237 905
1589 1595
669 1010
213 224
21 527
769 1625
945 954
749 1841
412 849
359 455
412 626
1265 1622
734 1092
914 1499
891 1832
434 1622
1820 1824
368 1820
580 1613
66 940
1451 1459
120 436
1800 1933
1172 1862
681 823
1824 1826
609 1824
97 2008
632 1503
1031 1824
777 798
273 1578
985 1158
1073 1715
277 1261
74 526
1748 1752
773 1202
633 1679
1395 1397
495 1121
529 1844
683 1531
714 719
1848 1850
1020 1683
590 1474
1398 1495
1374 1378
1140 1146
985 996
333 1712
1886 1891
664 1283
610 710
1014 1016
794 1997
1222 1231
841 1178
1776 2000
1494 1535
976 1222
213 544
61 1452
582 1717
1942 2020
804 1341
1099 1899
1905 1908
838 875
155 1941
37 1537
1855 1860
1657 1738
395 1250
313 512
314 318
1541 1544
680 1826
362 1816
1946 1982
1049 1821
1525 1536
824 1000
345 358
1993 1995
434 859
35 37
128 463
1002 1068
53 642
868 936
637 1378
418 1582
203 374
1621 1622
52 729
919 969
1029 1621
1464 1474
1403 1859
915 918
1270 1273
1090 1128
1392 1700
331 1740
56 1417
374 1247
19 24
773 895
1016 1442
170 1725
200 262
1628 1684
1165 1174
882 1957
458 1708
303 689
786 788
1631 1684
209 211
1416 1436
568 581
186 189
1196 1995
842 843
570 767
803 814
1604 1661
1200 1837
1785 1921
111 1582
1155 1647
546 1185
1635 1640
315 317
235 1616
755 1351
945 971
1896 1942
1871 1891
207 1225
1596 1856
1645 1646
35 1180
1476 1477
929 1493
703 1481
86 668
1432 1706
745 1105
1963 1967
832 856
832 845
603 935
546 929
126 463
1353 1354
757 1202
1489 1498
1469 1500
1711 1746
732 1536
1253 1436
574 576
1369 1376
747 1119
354 885
320 983
1455 1478
696 1039
304 689
1669 1670
1205 1669
1296 1669
1670 1671
1204 1670
1404 1652
1215 1671
247 1227
643 1600
1870 1896
27 1064
1682 1803
1495 1556
1139 1476
206 1912
249 1437
564 567
3 177
143 365
1633 1977
1875 1894
607 654
1006 1561
187 194
324 1436
533 1063
361 1626
813 1828
966 969
646 713
843 1071
90 1177
1246 1249
479 1227
1737 1739
913 1686
1115 1686
1480 1568
1075 1078
1481 1586
79 1475
487 627
739 1192
1691 1692
902 1308
1382 1394
1810 1844
226 243
751 907
128 261
418 454
1144 1559
709 873
706 1567
65 1101
1439 1446
610 1044
2003 2014
919 1408
482 1975
1086 1423
837 839
859 862
612 1044
1090 1110
497 499
1525 1532
1522 1707
216 1857
1288 1547
1202 1659
921 1921
1490 1822
847 1371
43 1654
1329 1347
1264 1323
663 684
1389 1932
1107 1740
128 131
578 1206
558 778
842 1282
124 126
743 1065
247 646
1370 1380
798 1694
418 908
995 1511
1798 1803
483 1818
1900 1972
1839 1842
333 1697
460 475
607 1111
1839 1857
1775 1778
964 1460
1362 1420
512 523
1624 1627
758 1328
1766 1767
1730 1731
1157 1730
1320 1513
1499 1502
764 1120
1148 1733
1779 1804
906 915
1733 1734
198 264
1385 1394
1465 1838
45 1085
200 1330
1734 1737
1379 1799
1219 1223
324 1253
470 777
207 1285
1408 1747
132 135
93 1975
1525 1542
1020 1046
1822 1833
59 1417
930 1508
223 645
412 1850
1667 1689
1092 1657
247 658
207 1229
265 1335
150 184
1757 1758
1496 1497
1051 1725
271 1183
1758 1760
1760 1761
82 84
1761 1838
680 1071
1342 1343
1762 1763
233 833
312 319
98 1051
1471 1555
1889 1928
408 1550
672 751
774 1506
381 392
962 1346
786 1157
1702 1706
136 977
342 1616
2010 2012
1660 2010
53 55
246 1360
1487 1573
1961 1964
988 1834
287 289
556 573
106 1870
522 1064
259 264
926 1344
754 1467
98 159
531 533
608 978
624 1525
1873 1897
1593 1615
177 1923
309 752
572 608
904 1303
297 791
7 378
281 1802
1016 1531
523 556
608 622
1294 1906
1292 1330
682 1101
1234 1236
826 1996
1400 1427
315 490
843 1140
1798 1852
639 1516
1376 1409
280 752
352 1041
924 929
331 1642
1803 1806
1806 1807
1807 1808
816 1572
360 1105
322 875
583 1180
97 486
846 1178
1789 1792
878 962
534 536
315 1331
908 923
1812 1817
811 1299
756 778
1058 1105
618 1781
1101 1583
761 966
1697 1701
1053 1237
726 1816
1934 1999
578 1676
836 842
59 171
1228 1230
1766 1991
448 496
1829 1830
1830 1831
1831 1832
870 1017
521 1774
775 1525
416 848
805 1373
724 726
362 1621
697 709
1895 1898
296 1693
1318 1321
1437 1849
673 1038
1306 1874
71 1390
1332 1790
1889 1913
726 1265
482 1889
176 1787
1031 1821
477 538
1306 1567
355 357
252 646
1532 1542
115 152
435 437
480 1144
1691 2016
362 999
399 1668
1457 1650
921 1899
1857 1858
76 722
1195 1211
244 1020
500 503
455 508
509 1871
873 1331
185 615
1888 1893
135 460
1425 1436
171 1596
719 1128
1516 1679
1100 1125
1865 1866
233 1396
55 1189
1285 1906
1509 1557
1930 1941
1763 1768
519 1344
1024 1051
1210 1212
1872 1927
345 838
1186 1300
757 773
660 748
1707 1710
1678 1681
999 1029
797 1947
666 668
1130 1284
1155 1196
532 556
775 1536
488 491
320 1721
836 1826
48 473
1069 1076
822 1000
413 415
456 923
725 1732
336 362
420 1450
486 557
1459 1472
1702 1816
1485 1654
265 609
1629 1684
1091 1504
626 1680
848 1302
1071 1776
431 1892
561 1898
118 1847
32 977
74 76
501 755
1965 1969
738 1096
288 1473
1642 1740
5 1458
860 883
620 1836
307 398
362 1265
64 66
1218 1671
488 1246
1161 1172
163 292
1746 1750
1778 1782
905 1396
1825 2022
1912 1913
803 1165
1054 1451
1223 1386
57 1673
165 996
1451 1466
490 518
1047 1051
51 1101
1418 1973
635 1367
205 211
1056 1096
1756 1843
1346 1566
1634 1917
208 227
243 875
519 1080
361 1236
1188 1190
698 990
1366 1802
911 1144
1210 1213
22 1660
828 1789
55 1968
852 1397
1426 1430
1937 1938
565 1936
1938 1939
1424 1430
975 1217
1006 1615
1913 1915
413 1791
1482 1496
1985 1988
677 1531
601 1944
149 203
1249 1252
1571 1572
1037 1639
510 572
597 882
1229 1805
409 418
249 1866
425 427
395 1458
863 1945
502 1892
674 1970
1954 1955
753 1448
604 1094
1955 1956
1955 1957
851 1746
561 565
1168 1364
251 1565
814 1663
596 1954
792 904
129 1860
1455 1456
192 194
732 1636
1295 1820
1642 1645
1510 1513
650 1583
870 911
1965 1966
1253 1425
746 1058
133 135
999 1623
1238 1245
900 908
1969 1970
1779 1906
225 1731
1327 1344
1970 1974
1814 1815
1064 1991
883 932
1977 1978
226 1729
1769 1945
795 1707
483 1248
1360 1802
39 1101
585 623
1500 1793
1470 1578
116 1912
1479 1760
701 712
758 767
1399 1463
639 1362
634 1270
342 1632
1185 1301
909 1888
1485 1558
1408 1751
772 774
1649 1961
1700 2005
1182 1655
808 1606
1369 1484
1586 1934
212 1368
585 624
1230 1937
1555 1566
733 1641
498 1456
1889 1908
1387 1444
1618 1733
1170 1855
1091 1243
1040 1046
1104 1949
1800 1801
385 1953
2009 2010
1887 1910
1576 1917
766 1629
477 1773
1116 1861
687 1501
1827 1910
240 754
140 1149
1204 1205
1338 1617
411 626
919 966
871 884
1148 1513
172 1923
5 2017
5 7
27 1766
758 765
7 17
643 1678
467 736
450 927
829 1295
656 1758
551 1228
1173 1899
657 820
975 977
630 1118
1074 1923
304 810
1386 1658
335 337
1263 1267
262 1071
675 677
1038 1872
679 973
1438 1465
1534 1829
355 1344
742 819
296 1628
1014 2006
15 1303
243 1729
465 741
86 1393
659 662
380 685
123 583
912 1593
574 1578
584 1936
657 1480
133 311
960 966
174 270
270 275
130 1345
566 1992
367 663
1087 1755
864 2004
210 262
1179 1424
307 316
975 1962
34 145
83 108
301 791
552 1592
1607 1958
577 634
139 977
395 630
1078 1719
953 958
333 1692
218 219
1386 1638
1603 1658
1892 1895
661 1365
1012 1797
1361 1600
357 926
339 1959
381 602
1030 1243
855 1721
235 777
725 1120
315 610
649 650
1469 1564
491 981
448 927
1927 2006
